#r(1)	npart(2)	M_in_r(3)	ovdens(4)	dens(5)	vcirc(6)	vesc(7)	sigv(8)	Lx(9)	Ly(10)	Lz(11)	b(12)	c(13)	Eax(14)	Eay(15)	Eaz(16)	Ebx(17)	Eby(18)	Ebz(19)	Ecx(20)	Ecy(21)	Ecz(22)	Ekin(23)	Epot(24)	
-86.5638	         5	1.476448e+12	     1957.82	     1957.82	  270.84	1238.263224	  590.69	   4.686e+12	   -3.28e+13	  -1.939e+11	  0.000000	  0.000000	  0.000000	  0.000000	  0.000000	  0.000000	  0.000000	  0.000000	  0.000000	  0.000000	  0.000000	2.575796e+17	-5.766530e+17
-107.2531	         8	2.362317e+12	     1646.92	     1302.26	  307.77	1225.117046	  605.81	  -2.542e+13	  -2.233e+13	   2.728e+13	  0.000000	  0.000000	  0.000000	  0.000000	  0.000000	  0.000000	  0.000000	  0.000000	  0.000000	  0.000000	  0.000000	4.334915e+17	-9.125108e+17
-132.8872	        11	3.248186e+12	     1190.57	      684.66	  324.22	1210.858032	  574.22	  -2.051e+13	  -3.996e+13	   7.379e+12	  0.635222	  0.483044	  0.975365	 -0.018690	  0.219804	 -0.216325	 -0.276180	  0.936445	 -0.043203	  0.960924	  0.273419	5.355185e+17	-1.239747e+18
-164.6481	        17	5.019924e+12	      967.37	      719.92	  362.11	1190.892331	  666.57	  -5.828e+13	  -1.033e+14	   7.718e+13	  0.645145	  0.492897	  0.818521	  0.221596	  0.530018	 -0.557431	  0.529445	  0.639499	  0.138905	  0.818891	 -0.556886	1.115200e+18	-1.875699e+18
-204.0001	        26	7.677530e+12	      777.85	      567.75	  402.31	1166.137702	  664.68	  -9.362e+13	  -1.581e+14	    1.41e+14	  0.770756	  0.549620	  0.385219	  0.713071	  0.585778	  0.841817	 -0.531600	  0.093524	 -0.378089	 -0.457091	  0.805057	1.695978e+18	-2.797722e+18
252.7574	        50	1.476448e+13	      786.45	      795.98	  501.22	1127.576697	  634.23	  -2.592e+13	  -3.801e+14	   2.103e+14	  0.759855	  0.556100	  0.594717	  0.609028	  0.524782	  0.633275	 -0.757021	  0.160880	 -0.495252	 -0.236653	  0.835896	2.969478e+18	-5.117818e+18
313.1681	        77	2.273730e+13	      636.75	      470.80	  558.79	1076.545907	  634.81	   3.916e+13	  -3.977e+14	   1.983e+14	  0.725401	  0.541376	  0.618426	  0.460573	  0.636727	 -0.509326	  0.851944	 -0.121562	 -0.598444	 -0.249124	  0.761447	4.581442e+18	-7.517038e+18
388.0173	       107	3.159599e+13	      465.20	      275.03	  591.78	1008.169438	  651.06	  -3.321e+14	  -5.318e+14	   3.873e+14	  0.718287	  0.538155	  0.461259	  0.683953	  0.565198	  0.670176	 -0.686031	  0.283241	  0.581467	  0.248135	 -0.774807	6.696351e+18	-9.901976e+18
480.7559	       142	4.193113e+13	      324.58	      168.69	  612.45	928.319772	  626.28	  -3.311e+14	  -5.387e+14	   3.575e+14	  0.719796	  0.538966	  0.358779	  0.807146	  0.468821	  0.714662	 -0.560623	  0.418281	  0.600446	  0.184978	 -0.777977	8.223338e+18	-1.232802e+19
595.7096	       166	4.901808e+13	      199.44	       60.78	  594.88	841.319644	  627.67	  -5.233e+14	  -4.976e+14	   7.131e+14	  0.675277	  0.498802	  0.291360	  0.851097	  0.436742	  0.722357	 -0.495052	  0.482828	  0.627144	  0.174807	 -0.759034	9.655685e+18	-1.371326e+19
-93.4200	         8	2.362317e+12	     2492.20	     2492.20	  329.77	1208.849240	  365.50	  -3.521e+13	  -9.166e+12	   1.086e+12	  0.000000	  0.000000	  0.000000	  0.000000	  0.000000	  0.000000	  0.000000	  0.000000	  0.000000	  0.000000	  0.000000	1.577883e+17	-8.736022e+17
-117.0606	        10	2.952896e+12	     1583.36	      643.99	  329.37	1186.943193	  405.59	  -2.977e+13	   -3.46e+11	   1.467e+13	  0.000000	  0.000000	  0.000000	  0.000000	  0.000000	  0.000000	  0.000000	  0.000000	  0.000000	  0.000000	  0.000000	2.428765e+17	-1.084476e+18
-146.6836	        20	5.905793e+12	     1609.52	     1636.57	  416.12	1157.096441	  528.41	    -2.8e+13	   6.144e+13	   3.074e+13	  0.832087	  0.512023	 -0.016449	  0.841066	 -0.540683	 -0.875141	  0.249428	  0.414625	  0.483589	  0.479994	  0.731948	8.245057e+17	-2.104569e+18
-183.8029	        32	9.449268e+12	     1308.89	      998.16	  470.21	1112.766455	  491.12	   1.631e+13	   7.471e+13	   2.919e+13	  0.915002	  0.620820	 -0.273004	  0.728345	 -0.628476	 -0.619749	  0.366508	  0.693962	  0.735785	  0.578952	  0.351333	1.139579e+18	-3.260250e+18
230.3156	        47	1.387861e+13	      977.10	      634.16	  509.07	1066.857815	  549.49	    5.19e+13	   2.753e+13	    1.41e+14	  0.895618	  0.802731	  0.840722	 -0.466410	  0.275043	  0.539682	  0.763008	 -0.355756	 -0.043931	  0.447528	  0.893190	2.095214e+18	-4.572757e+18
288.5986	        56	1.653622e+13	      591.72	      193.39	  496.41	1017.544416	  555.04	  -5.469e+12	   5.537e+13	   2.003e+14	  0.857946	  0.777010	  0.787825	  0.565805	  0.243304	 -0.412001	  0.777782	 -0.474668	 -0.457807	  0.273714	  0.845868	2.547168e+18	-5.288427e+18
361.6305	        83	2.450904e+13	      445.75	      294.88	  539.88	953.105800	  570.94	   5.603e+13	   2.265e+14	   2.941e+14	  0.829980	  0.617420	  0.813934	  0.099123	  0.572439	 -0.039647	  0.992517	 -0.115490	 -0.579604	  0.071306	  0.811773	3.994629e+18	-7.220741e+18
453.1437	       108	3.189128e+13	      294.80	      138.77	  550.15	878.483331	  567.14	   3.408e+14	   2.769e+14	   2.281e+14	  0.855581	  0.726033	  0.636880	  0.429459	  0.640272	 -0.326658	  0.902570	 -0.280467	  0.698340	  0.030526	 -0.715115	5.128887e+18	-8.780788e+18
567.8649	       143	4.222642e+13	      198.34	       98.69	  565.51	799.780262	  590.94	   4.809e+14	   3.723e+14	   4.103e+14	  0.821562	  0.717493	  0.484279	 -0.059981	  0.872855	 -0.017741	  0.996769	  0.078339	  0.874734	  0.053423	 -0.481650	7.372977e+18	-1.062393e+19
-104.2834	         5	1.476448e+12	     1119.79	     1119.79	  246.76	1064.633514	  444.46	   1.219e+12	  -1.162e+13	  -1.939e+13	  0.000000	  0.000000	  0.000000	  0.000000	  0.000000	  0.000000	  0.000000	  0.000000	  0.000000	  0.000000	  0.000000	1.458304e+17	-4.252285e+17
-127.8001	        10	2.952896e+12	     1216.80	     1332.21	  315.23	1049.592125	  349.34	  -1.544e+12	  -4.384e+12	   -2.01e+13	  0.000000	  0.000000	  0.000000	  0.000000	  0.000000	  0.000000	  0.000000	  0.000000	  0.000000	  0.000000	  0.000000	1.801814e+17	-8.377584e+17
-156.6200	        14	4.134055e+12	      925.55	      579.05	  336.92	1029.861271	  349.67	   2.741e+13	  -1.042e+13	  -2.727e+13	  0.567703	  0.487841	  0.350265	  0.908042	 -0.229724	 -0.181370	  0.306372	  0.934474	  0.918923	 -0.285649	  0.272003	2.527377e+17	-1.152921e+18
-191.9390	        21	6.201082e+12	      754.30	      550.56	  372.75	1003.425088	  379.02	   1.741e+13	  -1.899e+13	  -1.403e+13	  0.742793	  0.712709	  0.316180	  0.789150	 -0.526567	  0.269893	  0.457285	  0.847377	  0.909499	 -0.410041	 -0.068402	4.454125e+17	-1.688899e+18
235.2227	        33	9.744558e+12	      644.00	      512.79	  422.09	967.539643	  424.83	  -3.938e+13	    -7.2e+13	  -2.014e+13	  0.786980	  0.599795	 -0.324212	 -0.467074	  0.822635	 -0.117815	  0.882773	  0.454787	  0.938619	 -0.050529	  0.341234	8.793518e+17	-2.547878e+18
288.2672	        52	1.535506e+13	      551.35	      441.13	  478.62	923.318242	  463.33	   5.192e+12	  -1.432e+14	  -2.277e+13	  0.758458	  0.656714	  0.206347	  0.687951	 -0.695805	 -0.240350	  0.724959	  0.645497	  0.948500	  0.034040	  0.314942	1.648183e+18	-3.812764e+18
353.2736	        72	2.126085e+13	      414.77	      252.29	  508.75	871.555083	  495.40	   6.648e+13	  -1.105e+14	  -9.213e+13	  0.848739	  0.635288	 -0.199596	 -0.357246	  0.912435	 -0.552993	  0.809783	  0.196087	  0.808925	  0.465432	  0.359184	2.608900e+18	-4.994276e+18
432.9395	        91	2.687136e+13	      284.82	      130.22	  516.65	811.654676	  503.80	  -1.337e+14	  -1.387e+14	   1.359e+14	  0.879140	  0.659264	 -0.235298	  0.829303	 -0.506844	 -0.595310	  0.289243	  0.749629	  0.768271	  0.478116	  0.425634	3.410124e+18	-5.972535e+18
530.6206	       116	3.425360e+13	      197.20	       93.03	  526.90	745.183901	  509.44	  -9.796e+13	  -3.522e+14	   1.278e+14	  0.832433	  0.641733	 -0.665893	  0.740128	 -0.093796	 -0.364125	 -0.212693	  0.906738	  0.651153	  0.637944	  0.411130	4.444882e+18	-7.073248e+18
-115.7166	         6	1.771738e+12	      983.51	      983.51	  256.61	992.190610	  356.76	   -9.94e+12	  -1.097e+13	   4.328e+12	  0.000000	  0.000000	  0.000000	  0.000000	  0.000000	  0.000000	  0.000000	  0.000000	  0.000000	  0.000000	  0.000000	1.127498e+17	-4.462477e+17
-142.5594	        10	2.952896e+12	      876.65	      753.79	  298.46	975.613852	  427.65	  -2.609e+13	  -2.386e+12	   8.079e+12	  0.000000	  0.000000	  0.000000	  0.000000	  0.000000	  0.000000	  0.000000	  0.000000	  0.000000	  0.000000	  0.000000	2.700178e+17	-7.306630e+17
-175.6290	        17	5.019924e+12	      797.03	      705.49	  350.60	953.726785	  461.92	   1.414e+13	  -8.442e+12	   4.302e+13	  0.818330	  0.432815	  0.821695	 -0.508703	 -0.256981	  0.022926	 -0.421033	  0.906756	  0.569466	  0.750968	  0.334298	5.355598e+17	-1.212234e+18
-216.3698	        27	7.972820e+12	      677.00	      539.00	  398.08	920.188784	  501.59	      -2e+13	   7.182e+13	   1.686e+14	  0.858393	  0.550360	  0.691438	 -0.435679	  0.576279	 -0.614121	  0.065654	  0.786477	  0.380486	  0.897704	  0.222164	1.002932e+18	-1.864450e+18
266.5613	        46	1.358332e+13	      616.85	      547.70	  468.14	877.981560	  474.36	   5.964e+12	    1.78e+14	   2.408e+14	  0.947033	  0.727912	  0.930463	 -0.363388	  0.046777	 -0.163554	 -0.297712	  0.940541	  0.327855	  0.882789	  0.336444	1.528228e+18	-3.004360e+18
328.3957	        60	1.771738e+13	      430.30	      215.83	  481.69	823.333221	  465.14	   1.292e+14	   1.726e+14	   2.074e+14	  0.849542	  0.730910	  0.533677	 -0.384467	  0.753242	  0.845186	  0.273171	 -0.459389	 -0.029144	  0.881795	  0.470732	1.916615e+18	-3.744022e+18
404.5739	        80	2.362317e+13	      306.84	      164.90	  501.11	755.501733	  493.65	   -2.31e+13	     2.2e+14	   1.598e+14	  0.869800	  0.635314	  0.631632	 -0.448308	  0.632504	  0.762903	  0.504557	 -0.404229	 -0.137916	  0.737863	  0.660710	2.878370e+18	-4.666105e+18
498.4732	        93	2.746194e+13	      190.71	       57.29	  486.76	688.412011	  494.60	  -6.334e+13	   3.141e+14	   2.186e+14	  0.848154	  0.722845	  0.401252	 -0.507927	  0.762238	  0.899457	  0.375784	 -0.223077	 -0.173130	  0.775111	  0.607642	3.358935e+18	-5.170799e+18
-107.1399	         5	1.476448e+12	     1032.59	     1032.59	  243.44	974.624327	  419.96	  -1.288e+12	  -9.624e+12	   1.544e+12	  0.000000	  0.000000	  0.000000	  0.000000	  0.000000	  0.000000	  0.000000	  0.000000	  0.000000	  0.000000	  0.000000	1.301952e+17	-3.762559e+17
-133.2831	         8	2.362317e+12	      858.18	      669.66	  276.09	965.361838	  375.65	   -2.98e+12	  -3.263e+13	   4.587e+12	  0.000000	  0.000000	  0.000000	  0.000000	  0.000000	  0.000000	  0.000000	  0.000000	  0.000000	  0.000000	  0.000000	1.666773e+17	-5.851475e+17
-165.8055	        14	4.134055e+12	      780.09	      695.68	  327.46	937.058668	  354.35	  -2.432e+13	  -4.539e+13	  -3.024e+13	  0.710769	  0.533488	  0.781006	  0.605362	 -0.153511	  0.353123	 -0.225316	  0.908040	 -0.515105	  0.763393	  0.389740	2.595483e+17	-9.880937e+17
-206.2638	        20	5.905793e+12	      578.86	      361.36	  350.91	915.605316	  372.49	  -8.013e+13	  -1.013e+14	    -3.5e+13	  0.973822	  0.805737	  0.357339	  0.518675	 -0.776714	  0.912739	 -0.017602	  0.408164	 -0.198033	  0.854790	  0.479705	4.097006e+17	-1.369175e+18
256.5942	        44	1.299274e+13	      661.49	      750.81	  466.65	876.571995	  420.94	  -7.379e+13	   -2.51e+14	   1.409e+14	  0.859436	  0.770350	  0.713284	 -0.231120	 -0.661672	  0.149918	  0.972527	 -0.178089	  0.684654	  0.027832	  0.728337	1.151111e+18	-2.786178e+18
319.2058	        54	1.594564e+13	      421.69	      162.50	  463.50	826.044884	  438.79	  -3.544e+13	  -2.753e+14	   1.999e+14	  0.879271	  0.751873	 -0.720239	  0.593477	  0.359222	  0.457958	  0.795705	 -0.396393	  0.521085	  0.120989	  0.844886	1.535031e+18	-3.309643e+18
397.0953	        73	2.155614e+13	      296.11	      160.37	  483.18	761.723446	  455.70	   3.045e+14	  -3.993e+14	   3.533e+14	  0.901682	  0.710454	 -0.438027	 -0.414510	  0.797692	 -0.274819	  0.906612	  0.320201	  0.855924	  0.078964	  0.511036	2.238236e+18	-4.200875e+18
494.0406	        93	2.746194e+13	      195.89	       87.63	  488.94	691.493642	  463.00	   4.713e+14	  -6.607e+14	   4.645e+14	  0.841705	  0.645217	 -0.366851	 -0.135651	  0.920336	 -0.016464	  0.990103	  0.139372	  0.930134	 -0.035977	  0.365454	2.943523e+18	-4.995272e+18
-119.9437	         6	1.771738e+12	      883.14	      883.14	  252.04	883.287127	  215.98	   2.667e+12	   2.031e+12	    1.66e+13	  0.000000	  0.000000	  0.000000	  0.000000	  0.000000	  0.000000	  0.000000	  0.000000	  0.000000	  0.000000	  0.000000	4.132339e+16	-3.611315e+17
-146.7015	         6	1.771738e+12	      482.68	        0.00	  227.90	883.287127	  215.98	   2.667e+12	   2.031e+12	    1.66e+13	  0.000000	  0.000000	  0.000000	  0.000000	  0.000000	  0.000000	  0.000000	  0.000000	  0.000000	  0.000000	  0.000000	4.132339e+16	-3.611315e+17
-179.4286	         8	2.362317e+12	      351.74	      193.93	  237.95	870.109460	  249.52	   -9.52e+12	   1.403e+13	   3.715e+12	  0.000000	  0.000000	  0.000000	  0.000000	  0.000000	  0.000000	  0.000000	  0.000000	  0.000000	  0.000000	  0.000000	7.353684e+16	-4.735612e+17
-219.4568	        16	4.724634e+12	      384.49	      423.96	  304.28	856.107958	  300.20	  -3.424e+13	   1.502e+13	  -1.548e+12	  0.855940	  0.765379	 -0.627515	  0.490112	  0.604992	 -0.039471	 -0.796046	  0.603948	  0.777603	  0.355107	  0.518876	2.128930e+17	-9.135018e+17
268.4146	        26	7.677530e+12	      341.48	      289.64	  350.73	831.692984	  368.20	  -2.243e+13	  -8.227e+12	  -5.906e+13	  0.855499	  0.674398	 -0.539988	  0.453736	  0.708898	  0.508451	 -0.495344	  0.704352	  0.670739	  0.740781	  0.036777	5.204305e+17	-1.436076e+18
328.2943	        47	1.387861e+13	      337.38	      332.44	  426.39	793.419802	  390.74	   2.572e+13	   1.318e+14	   -1.03e+14	  0.817933	  0.608043	 -0.493680	  0.477958	  0.726524	  0.008869	  0.838150	 -0.545367	  0.869599	  0.262793	  0.418017	1.059452e+18	-2.460542e+18
401.5323	        69	2.037498e+13	      270.71	      190.35	  467.15	739.564050	  433.09	  -4.257e+13	    3.85e+13	  -9.643e+13	  0.808597	  0.579000	 -0.233210	  0.341518	  0.910483	 -0.240575	  0.886932	 -0.394304	  0.942198	  0.310995	  0.124681	1.910880e+18	-3.409858e+18
491.1587	        89	2.628078e+13	      190.78	       94.51	  479.71	678.441289	  444.46	  -2.533e+14	   7.348e+13	  -3.417e+13	  0.738424	  0.610105	 -0.132613	  0.249349	  0.959291	 -0.132104	  0.954758	 -0.266433	  0.982325	  0.162059	  0.093673	2.595863e+18	-4.157796e+18
-148.2075	         5	1.476448e+12	      390.10	      390.10	  206.99	867.697026	  221.30	   -6.96e+12	  -2.517e+11	  -7.507e+11	  0.000000	  0.000000	  0.000000	  0.000000	  0.000000	  0.000000	  0.000000	  0.000000	  0.000000	  0.000000	  0.000000	3.615208e+16	-2.844904e+17
-174.9741	         9	2.657607e+12	      426.71	      483.43	  255.58	856.419800	  381.71	  -5.447e+12	  -2.112e+13	  -5.603e+13	  0.000000	  0.000000	  0.000000	  0.000000	  0.000000	  0.000000	  0.000000	  0.000000	  0.000000	  0.000000	  0.000000	1.936072e+17	-5.047925e+17
-206.5748	        15	4.429344e+12	      432.19	      440.67	  303.67	843.704176	  433.41	  -2.556e+12	  -5.024e+13	  -7.296e+13	  0.925808	  0.644373	 -0.491911	  0.612416	  0.618846	 -0.007108	 -0.713591	  0.700527	  0.870616	  0.340198	  0.355377	4.160156e+17	-8.244039e+17
243.8827	        25	7.382241e+12	      437.73	      446.32	  360.80	823.565834	  448.33	  -2.206e+13	   1.154e+12	  -3.952e+13	  0.903637	  0.656753	 -0.516194	 -0.030927	  0.855913	 -0.311065	  0.937876	 -0.153712	  0.797987	  0.345590	  0.493746	7.419095e+17	-1.340835e+18
287.9284	        35	1.033514e+13	      372.41	      271.23	  392.90	793.451692	  447.53	  -6.305e+13	  -3.505e+13	  -4.385e+13	  0.929348	  0.617775	 -0.358971	  0.869763	  0.338603	 -0.280919	 -0.446643	  0.849467	  0.890070	  0.209814	  0.404665	1.034957e+18	-1.822179e+18
339.9289	        46	1.358332e+13	      297.44	      181.31	  414.55	760.967722	  438.92	   1.807e+13	  -8.774e+13	   -7.99e+13	  0.826022	  0.525571	 -0.044649	  0.772776	 -0.633106	 -0.319535	  0.589399	  0.741961	  0.946522	  0.235427	  0.220613	1.308447e+18	-2.311126e+18
401.3208	        64	1.889854e+13	      251.49	      180.30	  450.02	715.852633	  451.12	  -5.483e+13	  -2.167e+14	  -3.766e+14	  0.816231	  0.546347	 -0.129151	  0.917089	 -0.377183	 -0.306966	  0.324711	  0.894615	  0.942917	  0.231322	  0.239578	1.922974e+18	-3.040810e+18
473.8502	        83	2.450904e+13	      198.14	      115.56	  471.64	667.033238	  447.16	  -1.701e+14	  -2.473e+14	  -6.235e+14	  0.861049	  0.667652	 -0.168762	  0.969691	 -0.176688	 -0.463128	  0.080227	  0.882653	  0.870076	  0.230787	  0.435552	2.450274e+18	-3.714552e+18
-122.6862	         4	1.181159e+12	      550.15	      550.15	  203.48	844.529024	  314.99	   1.439e+12	   3.953e+12	   -1.63e+13	  0.000000	  0.000000	  0.000000	  0.000000	  0.000000	  0.000000	  0.000000	  0.000000	  0.000000	  0.000000	  0.000000	5.859556e+16	-2.485247e+17
-152.4193	        10	2.952896e+12	      717.29	      899.45	  288.65	831.135931	  319.74	  -6.444e+12	   1.378e+13	  -1.478e+13	  0.000000	  0.000000	  0.000000	  0.000000	  0.000000	  0.000000	  0.000000	  0.000000	  0.000000	  0.000000	  0.000000	1.509412e+17	-5.594682e+17
-189.3583	        15	4.429344e+12	      561.11	      390.90	  317.17	804.992617	  394.96	  -1.699e+13	   3.123e+13	  -3.729e+13	  0.711889	  0.526540	  0.922594	  0.231317	 -0.308727	 -0.118934	  0.931855	  0.342784	  0.366981	 -0.279532	  0.887236	3.454741e+17	-8.079414e+17
235.2494	        27	7.972820e+12	      526.73	      489.26	  381.78	772.031554	  403.15	   7.984e+12	   4.368e+13	   -4.89e+13	  0.703487	  0.640314	  0.595913	  0.437805	 -0.673212	  0.360439	  0.603315	  0.711403	 -0.717615	  0.666587	 -0.201722	6.479227e+17	-1.360932e+18
292.2622	        37	1.092572e+13	      376.44	      212.63	  400.96	728.312147	  400.51	   9.316e+13	  -3.031e+13	  -9.098e+12	  0.619161	  0.495408	 -0.552423	 -0.270317	  0.788516	  0.446204	  0.703120	  0.553646	 -0.704081	  0.657686	 -0.267803	8.762911e+17	-1.772142e+18
363.0922	        48	1.417390e+13	      254.68	      121.98	  409.74	674.934973	  395.29	   2.277e+14	  -2.281e+13	  -4.652e+13	  0.706874	  0.547147	 -0.365308	 -0.177757	  0.913757	  0.538663	  0.760199	  0.363235	 -0.759205	  0.624900	 -0.181956	1.107352e+18	-2.175815e+18
451.1379	        67	1.978441e+13	      185.34	      109.80	  434.28	614.204338	  424.48	    2.76e+14	  -8.023e+13	  -1.464e+14	  0.656153	  0.615025	 -0.081200	 -0.167971	  0.982442	  0.169788	  0.968958	  0.179699	  0.982130	 -0.181398	  0.050160	1.782389e+18	-2.768724e+18
-103.1115	         6	1.771738e+12	     1390.09	     1390.09	  271.84	819.810746	  284.78	  -4.384e+12	  -2.469e+12	   8.837e+12	  0.000000	  0.000000	  0.000000	  0.000000	  0.000000	  0.000000	  0.000000	  0.000000	  0.000000	  0.000000	  0.000000	7.184443e+16	-3.190281e+17
-131.0500	         9	2.657607e+12	     1015.65	      660.06	  295.32	805.266845	  257.56	  -7.273e+12	  -1.099e+13	   1.307e+13	  0.000000	  0.000000	  0.000000	  0.000000	  0.000000	  0.000000	  0.000000	  0.000000	  0.000000	  0.000000	  0.000000	8.814721e+16	-4.649108e+17
-166.5586	        12	3.543476e+12	      659.62	      321.51	  302.48	780.947781	  269.14	   -1.12e+13	  -1.739e+13	   2.405e+13	  0.638289	  0.371654	  0.983757	 -0.038510	 -0.175324	  0.179275	  0.161517	  0.970450	  0.009054	  0.986118	 -0.165797	1.283382e+17	-6.040464e+17
-211.6884	        19	5.610503e+12	      508.72	      365.41	  337.61	751.481745	  285.80	  -6.773e+12	  -8.307e+12	  -6.643e+12	  0.705815	  0.322360	  0.984683	 -0.008764	  0.174136	 -0.143855	  0.523490	  0.839800	  0.098519	  0.851987	 -0.514211	2.291323e+17	-9.087875e+17
269.0463	        25	7.382241e+12	      326.04	      152.56	  343.52	717.406323	  313.94	  -2.749e+12	  -5.485e+13	    4.42e+13	  0.660735	  0.507170	  0.940198	 -0.100769	  0.325381	 -0.225878	  0.530565	  0.816995	  0.254963	  0.841633	 -0.476075	3.637802e+17	-1.145471e+18
341.9455	        42	1.240216e+13	      266.80	      210.55	  394.95	671.183809	  368.69	   3.166e+13	  -1.051e+14	   6.977e+13	  0.912256	  0.714045	  0.895109	 -0.265278	 -0.358338	  0.294304	 -0.252176	  0.921842	  0.334909	  0.930610	  0.147652	8.429278e+17	-1.742863e+18
434.6471	        63	1.860325e+13	      194.87	      126.60	  429.04	606.782307	  366.78	   9.671e+13	   -2.48e+14	   1.312e+14	  0.845731	  0.711699	  0.910397	 -0.137585	 -0.390190	  0.396094	  0.017371	  0.918046	  0.119531	  0.990338	 -0.070312	1.251344e+18	-2.381276e+18
-95.3040	         4	1.181159e+12	     1173.65	     1173.65	  230.87	804.906407	  330.27	  -2.008e+13	    1.56e+13	  -3.463e+12	  0.000000	  0.000000	  0.000000	  0.000000	  0.000000	  0.000000	  0.000000	  0.000000	  0.000000	  0.000000	  0.000000	6.442099e+16	-2.030027e+17
-123.2175	         6	1.771738e+12	      814.60	      505.39	  248.67	794.050614	  318.56	  -2.177e+13	   2.548e+13	  -2.994e+12	  0.000000	  0.000000	  0.000000	  0.000000	  0.000000	  0.000000	  0.000000	  0.000000	  0.000000	  0.000000	  0.000000	8.989741e+16	-2.973172e+17
-159.3065	         9	2.657607e+12	      565.40	      350.78	  267.85	782.311711	  303.10	  -2.318e+13	   2.553e+13	  -2.847e+13	  0.000000	  0.000000	  0.000000	  0.000000	  0.000000	  0.000000	  0.000000	  0.000000	  0.000000	  0.000000	  0.000000	1.220734e+17	-4.349359e+17
-205.9655	        19	5.610503e+12	      552.31	      541.04	  342.27	751.145044	  308.33	  -2.413e+13	  -2.738e+13	  -3.176e+13	  0.668485	  0.653131	  0.941935	 -0.334780	  0.026078	  0.158635	  0.512091	  0.844155	  0.295961	  0.791003	 -0.535464	2.666845e+17	-8.652071e+17
266.2905	        31	9.153979e+12	      416.97	      300.42	  384.50	699.732532	  332.52	  -9.322e+12	  -4.256e+13	  -2.228e+13	  0.695716	  0.552560	  0.886885	 -0.368637	 -0.278464	  0.281259	 -0.047345	  0.958463	  0.366508	  0.928367	 -0.061693	5.060685e+17	-1.335301e+18
344.2839	        44	1.299274e+13	      273.85	      150.59	  402.86	644.895005	  360.56	  -2.041e+13	   -9.43e+13	   8.274e+13	  0.601685	  0.549786	  0.961519	 -0.078855	 -0.263180	  0.233679	 -0.269043	  0.934350	  0.144485	  0.959895	  0.240263	8.445458e+17	-1.768469e+18
445.1707	        58	1.712680e+13	      166.98	       75.00	  406.76	575.282539	  405.20	  -3.608e+13	   -2.11e+14	   1.705e+14	  0.702122	  0.534305	  0.838175	 -0.158227	 -0.521945	  0.517939	  0.530767	  0.670840	 -0.170886	  0.832617	 -0.526828	1.406034e+18	-2.169341e+18
-96.1003	         7	2.067027e+12	     2003.25	     2003.25	  304.14	867.954589	  297.59	   -4.32e+12	  -6.171e+12	  -6.038e+11	  0.000000	  0.000000	  0.000000	  0.000000	  0.000000	  0.000000	  0.000000	  0.000000	  0.000000	  0.000000	  0.000000	9.152583e+16	-3.995517e+17
-122.5213	        13	3.838765e+12	     1795.23	     1601.24	  367.08	833.145941	  352.47	  -1.625e+12	  -9.422e+12	  -2.329e+13	  0.776358	  0.619595	  0.032056	 -0.265883	  0.963472	  0.998754	 -0.028362	 -0.041057	  0.038242	  0.963588	  0.264642	2.384480e+17	-7.170610e+17
-156.2063	        18	5.315213e+12	     1199.47	      643.90	  382.54	780.249450	  326.57	  -8.743e+12	  -6.488e+12	  -9.664e+12	  0.687307	  0.557686	  0.564543	 -0.405963	  0.718669	  0.707661	 -0.210117	 -0.674586	  0.424862	  0.889407	  0.168664	2.834225e+17	-9.569284e+17
-199.1523	        24	7.086951e+12	      771.73	      372.85	  391.20	755.303248	  362.51	   1.545e+13	  -2.674e+13	  -3.132e+13	  0.716395	  0.635739	 -0.065900	 -0.591019	  0.803961	  0.997789	 -0.032025	  0.058245	 -0.008677	  0.806022	  0.591822	4.656564e+17	-1.218941e+18
253.9056	        32	9.449268e+12	      496.53	      239.89	  400.06	699.901826	  372.44	  -2.218e+13	   -3.21e+13	    -7.2e+13	  0.797506	  0.690347	  0.751148	  0.258490	 -0.607421	 -0.616509	  0.603638	 -0.505507	  0.235994	  0.754191	  0.612783	6.553697e+17	-1.531012e+18
323.7122	        41	1.210687e+13	      306.99	      130.23	  401.05	639.849476	  390.53	   2.662e+13	   2.209e+13	  -2.168e+14	  0.842099	  0.732259	 -0.517805	  0.488402	  0.702383	  0.303332	  0.872495	 -0.383069	  0.799917	 -0.014700	  0.599930	9.232514e+17	-1.823094e+18
412.7609	        55	1.624093e+13	      198.65	       97.68	  411.36	581.787573	  414.66	   1.472e+14	   3.096e+13	  -3.827e+14	  0.833565	  0.776795	  0.170569	  0.812261	  0.557798	 -0.266005	 -0.507117	  0.819801	  0.948761	 -0.288210	  0.129567	1.396281e+18	-2.210873e+18
-125.5995	         5	1.476448e+12	      640.94	      640.94	  224.84	747.242184	  289.32	   9.424e+12	  -6.818e+12	   1.364e+13	  0.000000	  0.000000	  0.000000	  0.000000	  0.000000	  0.000000	  0.000000	  0.000000	  0.000000	  0.000000	  0.000000	6.179477e+16	-2.156746e+17
-152.9510	         7	2.067027e+12	      496.88	      318.13	  241.08	741.890715	  391.60	  -7.436e+12	  -4.695e+13	   2.031e+12	  0.000000	  0.000000	  0.000000	  0.000000	  0.000000	  0.000000	  0.000000	  0.000000	  0.000000	  0.000000	  0.000000	1.584891e+17	-2.973467e+17
-186.2588	        11	3.248186e+12	      432.37	      352.32	  273.86	723.152682	  370.35	  -1.832e+13	  -5.469e+13	   2.575e+12	  0.655156	  0.589850	  0.623457	  0.472050	  0.623273	 -0.361199	  0.880899	 -0.305863	 -0.693423	 -0.034433	  0.719707	2.227594e+17	-4.551074e+17
-226.8199	        18	5.315213e+12	      391.78	      341.41	  317.46	698.018568	  370.81	  -2.075e+13	  -5.013e+12	  -2.313e+13	  0.798515	  0.555738	  0.612721	  0.302137	  0.730265	  0.569820	  0.471383	 -0.673129	 -0.547612	  0.828560	  0.116663	3.654145e+17	-7.150401e+17
276.2139	        32	9.449268e+12	      385.68	      378.11	  383.57	649.405378	  386.09	   2.443e+13	  -4.637e+12	  -1.212e+14	  0.959993	  0.688752	  0.876283	  0.271497	  0.398017	 -0.368170	 -0.155524	  0.916658	 -0.310772	  0.949790	  0.036326	7.042932e+17	-1.192829e+18
336.3644	        41	1.210687e+13	      273.63	      134.60	  393.44	612.537728	  403.48	   5.526e+13	   1.348e+14	   2.733e+12	  0.916306	  0.715367	  0.911490	 -0.288134	  0.293538	 -0.411300	 -0.631153	  0.657631	  0.004218	  0.720156	  0.693799	9.854739e+17	-1.460091e+18
409.6637	        52	1.535506e+13	      192.10	       91.02	  401.49	567.832870	  405.04	    1.18e+14	   1.403e+14	   1.371e+14	  0.873458	  0.723062	  0.907077	  0.417991	 -0.049938	 -0.377319	  0.754691	 -0.536723	 -0.186658	  0.505692	  0.842280	1.259552e+18	-1.740529e+18
-118.1709	         4	1.181159e+12	      615.66	      615.66	  207.33	733.004881	  226.32	  -3.677e+12	  -4.978e+12	  -6.264e+12	  0.000000	  0.000000	  0.000000	  0.000000	  0.000000	  0.000000	  0.000000	  0.000000	  0.000000	  0.000000	  0.000000	3.025029e+16	-1.700858e+17
-145.0366	         6	1.771738e+12	      499.49	      362.64	  229.21	724.992141	  321.23	  -4.684e+12	  -4.567e+12	   1.337e+13	  0.000000	  0.000000	  0.000000	  0.000000	  0.000000	  0.000000	  0.000000	  0.000000	  0.000000	  0.000000	  0.000000	9.141039e+16	-2.482940e+17
-178.0101	        10	2.952896e+12	      450.28	      392.29	  267.10	707.283251	  335.56	   8.838e+12	   9.066e+12	   -1.38e+13	  0.000000	  0.000000	  0.000000	  0.000000	  0.000000	  0.000000	  0.000000	  0.000000	  0.000000	  0.000000	  0.000000	1.662515e+17	-4.004982e+17
-218.4800	        18	5.315213e+12	      438.38	      424.36	  323.46	679.142811	  341.39	  -3.473e+12	   9.547e+12	  -1.043e+13	  0.879902	  0.521709	 -0.317647	  0.722744	 -0.613793	  0.112159	  0.671412	  0.732548	  0.941553	  0.163849	 -0.294334	3.097381e+17	-6.883857e+17
268.1505	        25	7.382241e+12	      329.32	      200.84	  344.09	651.272347	  354.14	   3.678e+13	  -3.243e+12	  -3.127e+13	  0.761243	  0.630341	 -0.205501	  0.973482	 -0.100510	 -0.340484	  0.025168	  0.939914	  0.917519	  0.227375	  0.326283	4.629354e+17	-9.167931e+17
329.1135	        39	1.151630e+13	      277.87	      217.26	  387.93	601.649587	  376.46	  -4.817e+13	   4.663e+13	   -1.16e+14	  0.855777	  0.696913	 -0.413680	  0.873391	  0.257016	 -0.572781	 -0.469109	  0.672205	  0.707666	  0.130863	  0.694323	8.160714e+17	-1.334137e+18
403.9861	        50	1.476448e+13	      192.61	       92.25	  396.45	560.705374	  380.16	  -1.053e+14	   1.128e+14	  -1.179e+14	  0.848006	  0.682965	  0.728826	 -0.258451	 -0.634047	  0.109956	  0.958184	 -0.264183	  0.675812	  0.122826	  0.726768	1.066866e+18	-1.610877e+18
-114.2068	         5	1.476448e+12	      852.52	      852.52	  235.79	744.552679	  275.47	   9.194e+12	  -2.518e+13	   2.829e+12	  0.000000	  0.000000	  0.000000	  0.000000	  0.000000	  0.000000	  0.000000	  0.000000	  0.000000	  0.000000	  0.000000	5.602102e+16	-2.120801e+17
-146.6091	         7	2.067027e+12	      564.19	      305.71	  246.24	714.403090	  264.73	   1.223e+13	  -3.499e+13	  -8.045e+12	  0.000000	  0.000000	  0.000000	  0.000000	  0.000000	  0.000000	  0.000000	  0.000000	  0.000000	  0.000000	  0.000000	7.242901e+16	-2.899453e+17
-188.2044	        10	2.952896e+12	      381.00	      216.77	  259.76	706.506068	  330.22	   2.242e+13	  -2.624e+13	   1.593e+13	  0.000000	  0.000000	  0.000000	  0.000000	  0.000000	  0.000000	  0.000000	  0.000000	  0.000000	  0.000000	  0.000000	1.609984e+17	-4.008609e+17
241.6009	        23	6.791662e+12	      414.23	      444.03	  347.70	670.491137	  337.35	   3.812e+13	  -2.781e+13	   1.175e+14	  0.905047	  0.831322	 -0.389946	 -0.519439	  0.760345	  0.831135	  0.156938	  0.533464	 -0.396430	  0.839972	  0.370527	3.864541e+17	-8.570485e+17
310.1468	        36	1.063043e+13	      306.49	      209.90	  383.94	617.809946	  333.87	   3.871e+13	  -5.438e+13	   1.422e+14	  0.858373	  0.767293	 -0.092853	  0.780683	 -0.617990	 -0.196623	  0.594072	  0.780011	  0.976072	  0.193938	  0.098339	5.924976e+17	-1.251139e+18
398.1902	        49	1.446919e+13	      197.12	       99.15	  395.32	559.095597	  341.10	   1.504e+14	   4.906e+13	   1.686e+14	  0.853274	  0.832116	  0.306786	 -0.560603	  0.769159	 -0.308818	  0.705777	  0.637582	  0.900285	  0.433131	 -0.043398	8.417386e+17	-1.588986e+18
-113.9851	         8	2.362317e+12	     1372.01	     1372.01	  298.55	779.882487	  298.82	   4.254e+12	   4.212e+12	   2.035e+13	  0.000000	  0.000000	  0.000000	  0.000000	  0.000000	  0.000000	  0.000000	  0.000000	  0.000000	  0.000000	  0.000000	1.054729e+17	-3.753370e+17
-146.6148	        14	4.134055e+12	     1128.25	      912.17	  348.23	736.164917	  293.11	   1.124e+13	  -8.387e+12	   1.498e+13	  0.815623	  0.640394	  0.950148	 -0.227097	 -0.213650	  0.047055	  0.781803	 -0.621747	  0.308229	  0.580698	  0.753515	1.775863e+17	-6.344213e+17
-188.5853	        17	5.019924e+12	      643.78	      214.32	  338.35	691.056857	  306.34	   2.218e+13	  -3.071e+11	   8.507e+12	  0.857937	  0.719956	  0.982455	 -0.045433	 -0.180883	  0.167070	  0.645443	  0.745312	 -0.082888	  0.762456	 -0.641709	2.355415e+17	-7.447072e+17
242.5703	        25	7.382241e+12	      444.88	      268.56	  361.78	657.360438	  328.40	   6.418e+13	  -9.306e+12	  -2.525e+13	  0.936207	  0.908806	  0.476125	  0.408919	  0.778518	  0.859604	 -0.029742	 -0.510094	 -0.185432	  0.912086	 -0.365669	3.980777e+17	-1.016024e+18
312.0093	        34	1.003985e+13	      284.31	      141.97	  372.00	613.407647	  352.17	   1.942e+13	  -5.339e+13	  -1.073e+14	  0.920827	  0.762266	 -0.218806	  0.657316	  0.721152	 -0.775400	  0.331524	 -0.537444	  0.592350	  0.676777	 -0.437143	6.225721e+17	-1.282872e+18
401.3761	        48	1.417390e+13	      188.54	      103.70	  389.70	551.160396	  371.75	   4.311e+13	   3.128e+13	  -9.929e+13	  0.839225	  0.661072	 -0.219522	  0.620013	  0.753256	 -0.531323	  0.571566	 -0.625306	  0.818234	  0.537490	 -0.203956	9.793825e+17	-1.636316e+18
-149.5464	         5	1.476448e+12	      379.71	      379.71	  206.06	708.708510	  306.53	  -1.759e+13	   8.308e+12	   2.409e+13	  0.000000	  0.000000	  0.000000	  0.000000	  0.000000	  0.000000	  0.000000	  0.000000	  0.000000	  0.000000	  0.000000	6.936253e+16	-1.908652e+17
-182.2563	        13	3.838765e+12	      545.39	      749.89	  300.97	690.446702	  322.23	  -9.596e+12	   5.934e+12	   1.943e+13	  0.790169	  0.731352	 -0.107558	 -0.461383	  0.880657	 -0.354495	  0.845371	  0.399600	  0.928851	  0.269209	  0.254484	1.992957e+17	-4.805515e+17
-222.1209	        20	5.905793e+12	      463.53	      362.48	  338.15	659.046681	  308.33	  -1.029e+13	  -7.574e+12	   2.016e+13	  0.869745	  0.759240	  0.031799	 -0.508810	  0.860291	  0.404045	  0.793807	  0.454553	  0.914186	 -0.333142	 -0.230825	2.807230e+17	-7.158312e+17
270.7050	        24	7.086951e+12	      307.28	      114.43	  335.54	627.118064	  321.19	  -2.699e+13	   2.007e+13	   8.831e+13	  0.782991	  0.645111	  0.632132	  0.772918	 -0.054839	  0.287855	 -0.168535	  0.942728	  0.719409	 -0.611714	 -0.329025	3.655663e+17	-8.386533e+17
329.9158	        33	9.744558e+12	      233.41	      142.23	  356.41	587.799600	  335.73	  -1.265e+14	   5.151e+13	   1.486e+14	  0.826748	  0.482702	  0.651215	  0.738904	 -0.173030	  0.377816	 -0.117930	  0.918339	  0.658159	 -0.663410	 -0.355968	5.491794e+17	-1.085242e+18
402.1277	        46	1.358332e+13	      179.67	      113.40	  381.14	539.051161	  334.21	  -2.344e+14	   6.261e+13	   1.989e+14	  0.888250	  0.619477	 -0.171180	 -0.722584	  0.669754	  0.828589	  0.262203	  0.494662	  0.533046	 -0.639627	 -0.553840	7.586043e+17	-1.392845e+18
-134.3255	         5	1.476448e+12	      523.97	      523.97	  217.42	700.695936	  307.29	   1.821e+13	  -9.301e+12	   3.823e+12	  0.000000	  0.000000	  0.000000	  0.000000	  0.000000	  0.000000	  0.000000	  0.000000	  0.000000	  0.000000	  0.000000	6.970863e+16	-1.912386e+17
-166.1574	        11	3.248186e+12	      609.04	      704.33	  289.95	685.112652	  315.94	   3.576e+13	  -9.967e+11	   2.133e+13	  0.743908	  0.492676	  0.415546	  0.854161	 -0.312620	 -0.509692	  0.503339	  0.697756	  0.753350	 -0.130609	  0.644520	1.621132e+17	-4.032874e+17
-205.5327	        14	4.134055e+12	      409.54	      186.07	  294.11	656.897810	  299.86	   3.413e+13	  -2.191e+12	   1.579e+13	  0.746098	  0.425164	  0.394959	  0.825066	 -0.404072	 -0.510582	  0.562781	  0.650064	  0.763749	 -0.050437	  0.643540	1.858649e+17	-5.039264e+17
254.2389	        19	5.610503e+12	      293.66	      163.84	  308.07	624.411689	  304.69	   2.589e+13	  -1.954e+13	  -4.487e+13	  0.774490	  0.680815	  0.071567	  0.802429	 -0.592441	 -0.680508	  0.473535	  0.559172	  0.729237	  0.363143	  0.579949	2.604328e+17	-6.554110e+17
314.4874	        31	9.153979e+12	      253.14	      207.76	  353.81	581.424617	  323.91	  -1.361e+13	  -5.654e+13	  -5.081e+13	  0.868457	  0.712037	  0.160608	  0.893433	 -0.419503	 -0.434312	  0.445633	  0.782806	  0.886328	  0.056470	  0.459601	4.802205e+17	-9.785813e+17
389.0632	        44	1.299274e+13	      189.76	      118.82	  378.97	535.982014	  352.36	   1.602e+13	  -1.266e+14	  -1.437e+14	  0.812077	  0.636561	 -0.314644	  0.907349	 -0.278777	 -0.526431	  0.077582	  0.846671	  0.789854	  0.413156	  0.453247	8.065674e+17	-1.286362e+18
-137.0141	         8	2.362317e+12	      789.96	      789.96	  272.30	706.964264	  250.75	   2.216e+12	  -1.317e+12	  -1.429e+13	  0.000000	  0.000000	  0.000000	  0.000000	  0.000000	  0.000000	  0.000000	  0.000000	  0.000000	  0.000000	  0.000000	7.426769e+16	-3.092727e+17
-169.2723	        14	4.134055e+12	      733.13	      668.97	  324.09	684.373553	  266.72	   2.279e+13	  -2.157e+12	  -7.451e+11	  0.813298	  0.554573	 -0.115615	 -0.001973	  0.993292	  0.981511	 -0.153801	  0.113938	  0.152544	  0.988100	  0.019719	1.470527e+17	-5.241600e+17
-209.1253	        24	7.086951e+12	      666.51	      591.28	  381.76	651.422545	  309.72	   2.082e+13	   4.956e+13	   3.341e+13	  0.783271	  0.438133	  0.311974	 -0.230272	  0.921763	  0.867723	 -0.326073	 -0.375143	  0.386947	  0.916870	  0.098086	3.399182e+17	-8.486729e+17
258.3611	        28	8.268110e+12	      412.37	      125.43	  370.99	590.262441	  305.74	   2.438e+13	   9.155e+13	   3.455e+13	  0.773355	  0.387757	  0.282928	 -0.285708	  0.915599	  0.883774	 -0.293267	 -0.364606	  0.372686	  0.912341	  0.169528	3.864358e+17	-9.637483e+17
319.1889	        35	1.033514e+13	      273.36	      116.40	  373.17	545.536022	  328.80	   7.036e+13	   2.866e+13	   1.462e+14	  0.806342	  0.753070	  0.339872	 -0.072739	  0.937654	  0.767525	  0.597623	 -0.231844	 -0.543500	  0.798471	  0.258945	5.586502e+17	-1.128210e+18
394.3878	        39	1.151630e+13	      161.48	       35.25	  354.37	501.192066	  331.19	   6.848e+13	   4.943e+13	   1.496e+14	  0.813526	  0.676570	  0.241074	 -0.145168	  0.959588	  0.957930	  0.194257	 -0.211269	 -0.155737	  0.970150	  0.185891	6.315880e+17	-1.208912e+18
-132.1471	         6	1.771738e+12	      660.38	      660.38	  240.13	657.949466	  138.78	  -1.832e+12	   1.567e+13	   7.618e+12	  0.000000	  0.000000	  0.000000	  0.000000	  0.000000	  0.000000	  0.000000	  0.000000	  0.000000	  0.000000	  0.000000	1.706275e+16	-2.026946e+17
-161.8318	         7	2.067027e+12	      419.49	      131.56	  234.37	649.522323	  148.75	  -5.959e+12	   2.366e+13	   8.313e+12	  0.000000	  0.000000	  0.000000	  0.000000	  0.000000	  0.000000	  0.000000	  0.000000	  0.000000	  0.000000	  0.000000	2.286686e+16	-2.338387e+17
-198.1846	        15	4.429344e+12	      489.43	      573.04	  310.03	623.947676	  274.24	  -2.405e+13	   3.437e+12	   1.237e+13	  0.676576	  0.557371	  0.914743	 -0.046028	  0.401406	  0.237205	  0.865431	 -0.441319	 -0.327076	  0.498909	  0.802565	1.665629e+17	-4.748059e+17
242.7036	        21	6.201082e+12	      373.08	      234.01	  331.48	589.425779	  275.61	  -2.637e+13	  -1.947e+13	   9.369e+12	  0.681708	  0.564554	  0.941143	  0.181874	  0.284907	 -0.086071	 -0.686161	  0.722340	 -0.326867	  0.704348	  0.630121	2.355236e+17	-6.361883e+17
297.2230	        29	8.563399e+12	      280.52	      169.88	  352.01	547.023727	  276.68	  -2.083e+13	   2.312e+13	  -1.327e+13	  0.775974	  0.701576	  0.776569	  0.105001	  0.621221	 -0.218524	  0.969695	  0.109269	 -0.590922	 -0.220607	  0.775980	3.277644e+17	-8.272746e+17
364.0392	        36	1.063043e+13	      189.53	       80.86	  354.38	501.202287	  295.37	  -2.996e+13	   6.562e+13	   4.627e+13	  0.772678	  0.647283	  0.774870	 -0.342555	  0.531255	  0.156018	  0.918074	  0.364414	 -0.612564	 -0.199488	  0.764833	4.637270e+17	-9.687259e+17
-99.4423	         5	1.476448e+12	     1291.42	     1291.42	  252.69	711.898465	  242.74	   4.104e+12	   1.478e+12	  -1.371e+13	  0.000000	  0.000000	  0.000000	  0.000000	  0.000000	  0.000000	  0.000000	  0.000000	  0.000000	  0.000000	  0.000000	4.349664e+16	-2.010747e+17
-128.6699	         9	2.657607e+12	     1073.06	      885.83	  298.04	687.446245	  295.61	   2.184e+13	  -6.536e+12	  -3.615e+13	  0.000000	  0.000000	  0.000000	  0.000000	  0.000000	  0.000000	  0.000000	  0.000000	  0.000000	  0.000000	  0.000000	1.161153e+17	-3.452192e+17
-166.4879	        12	3.543476e+12	      660.46	      306.69	  302.55	652.716141	  298.26	   2.949e+13	  -1.309e+13	  -2.593e+13	  0.713081	  0.609263	  0.966608	  0.040184	  0.253090	 -0.100470	  0.967983	  0.230030	 -0.235744	 -0.247777	  0.939697	1.576128e+17	-4.449442e+17
-215.4212	        18	5.315213e+12	      457.32	      283.14	  325.75	606.349525	  328.07	   4.265e+11	   3.468e+13	  -4.349e+13	  0.805497	  0.584467	  0.229306	  0.622167	  0.748550	  0.952926	  0.013235	 -0.302914	 -0.198370	  0.782773	 -0.589844	2.860386e+17	-6.220551e+17
278.7368	        26	7.677530e+12	      304.93	      174.27	  344.18	562.914156	  320.25	   1.913e+13	   2.913e+13	   -2.13e+13	  0.797051	  0.599014	  0.772791	  0.631388	 -0.064369	 -0.562598	  0.728451	  0.390950	  0.293731	 -0.265909	  0.918158	3.937150e+17	-8.230424e+17
360.7118	        36	1.063043e+13	      194.82	      100.48	  356.01	503.509013	  337.15	   1.175e+14	   9.757e+13	   -7.25e+13	  0.876418	  0.565389	  0.138850	  0.979996	  0.142579	  0.777592	 -0.018734	 -0.628490	  0.613247	 -0.198134	  0.764638	6.041720e+17	-1.032514e+18
