#r(1)	npart(2)	M_in_r(3)	ovdens(4)	dens(5)	vcirc(6)	vesc(7)	sigv(8)	Lx(9)	Ly(10)	Lz(11)	b(12)	c(13)	Eax(14)	Eay(15)	Eaz(16)	Ebx(17)	Eby(18)	Ebz(19)	Ecx(20)	Ecy(21)	Ecz(22)	Ekin(23)	Epot(24)	
-112.1331	         7	2.067027e+12	     1260.98	     1260.98	  281.56	1045.090263	  215.55	   8.209e+12	  -1.251e+13	   1.986e+12	  0.000000	  0.000000	  0.000000	  0.000000	  0.000000	  0.000000	  0.000000	  0.000000	  0.000000	  0.000000	  0.000000	4.801963e+16	-5.834035e+17
-135.9248	        11	3.248186e+12	     1112.52	      922.46	  320.58	1037.650222	  324.32	   -6.47e+12	  -1.543e+13	    4.78e+12	  0.719506	  0.614965	 -0.340566	  0.707831	  0.618862	  0.937551	  0.206099	  0.280215	 -0.070798	 -0.675646	  0.733818	1.708255e+17	-9.034837e+17
-164.7645	        17	5.019924e+12	      965.32	      776.87	  361.98	1014.253348	  310.00	  -1.247e+13	  -1.709e+13	    1.12e+13	  0.937069	  0.636876	 -0.693515	  0.066064	  0.717406	  0.319715	  0.920584	  0.224294	  0.645615	 -0.384917	  0.659561	2.412134e+17	-1.370269e+18
-199.7232	        28	8.268110e+12	      892.66	      799.64	  421.95	984.605828	  359.34	  -2.521e+13	  -8.583e+13	   1.415e+13	  0.900758	  0.620745	 -0.178023	  0.530925	  0.828509	  0.438468	  0.796553	 -0.416232	  0.880939	 -0.289176	  0.374599	5.338152e+17	-2.181047e+18
242.0992	        36	1.063043e+13	      644.37	      326.51	  434.56	944.132542	  387.19	  -6.677e+13	   -1.47e+14	  -5.087e+12	  0.774629	  0.621785	 -0.256253	  0.811519	  0.525140	 -0.555400	 -0.568260	  0.607134	  0.791116	 -0.136083	  0.596336	7.968308e+17	-2.733647e+18
293.4662	        46	1.358332e+13	      462.27	      229.15	  446.16	906.075038	  415.93	  -3.211e+13	  -1.752e+14	   1.281e+14	  0.912329	  0.694082	  0.078968	  0.938085	  0.337284	  0.835699	  0.122162	 -0.535428	  0.543480	 -0.324149	  0.774310	1.174917e+18	-3.363162e+18
355.7321	        71	2.096556e+13	      400.59	      321.63	  503.45	858.157947	  453.87	    -2.6e+14	  -2.165e+14	   2.229e+14	  0.897319	  0.633977	 -0.405205	  0.861753	  0.305270	  0.862420	  0.471111	 -0.185163	  0.303381	 -0.188242	  0.934090	2.159463e+18	-4.800054e+18
431.2091	        91	2.687136e+13	      288.26	      144.46	  517.69	799.390430	  460.10	  -5.071e+14	  -4.842e+14	   3.037e+14	  0.932967	  0.670291	  0.752026	  0.278560	 -0.597378	 -0.225373	  0.960353	  0.164100	  0.619406	  0.011226	  0.784991	2.844280e+18	-5.806505e+18
522.7503	       111	3.277715e+13	      197.36	       81.05	  519.28	734.414402	  487.39	  -7.995e+14	  -4.262e+14	    5.25e+14	  0.852299	  0.721714	  0.731146	  0.415336	 -0.541223	 -0.172103	  0.879956	  0.442784	  0.660156	 -0.230594	  0.714857	3.893066e+18	-6.679819e+18
-99.9601	         5	1.476448e+12	     1271.46	     1271.46	  252.04	810.041085	  245.55	  -3.125e+12	  -2.149e+12	   1.638e+12	  0.000000	  0.000000	  0.000000	  0.000000	  0.000000	  0.000000	  0.000000	  0.000000	  0.000000	  0.000000	  0.000000	4.451154e+16	-2.562775e+17
-127.4073	         8	2.362317e+12	      982.47	      712.55	  282.38	780.985914	  228.66	  -1.434e+12	  -1.218e+13	    3.96e+12	  0.000000	  0.000000	  0.000000	  0.000000	  0.000000	  0.000000	  0.000000	  0.000000	  0.000000	  0.000000	  0.000000	6.175492e+16	-3.957916e+17
-162.3908	        11	3.248186e+12	      652.41	      344.12	  293.30	758.109323	  292.71	  -6.464e+12	   -1.47e+13	  -1.109e+13	  0.883783	  0.309260	  0.813821	  0.579319	  0.045651	 -0.407026	  0.512189	  0.756302	 -0.414758	  0.634076	 -0.652628	1.391490e+17	-5.273074e+17
-206.9802	        17	5.019924e+12	      486.94	      332.38	  322.96	732.101870	  340.83	  -9.203e+12	  -3.133e+13	  -3.551e+12	  0.651843	  0.418667	  0.972362	  0.096137	 -0.212766	  0.172331	  0.319314	  0.931848	 -0.157524	  0.942760	 -0.293922	2.915670e+17	-7.727990e+17
263.8130	        23	6.791662e+12	      318.16	      160.52	  332.74	702.366855	  386.17	  -2.265e+13	  -4.411e+13	  -1.441e+13	  0.684912	  0.477296	  0.951290	 -0.226177	 -0.209501	  0.233337	  0.084079	  0.968754	  0.201495	  0.970451	 -0.132759	5.064010e+17	-9.989468e+17
336.2510	        41	1.210687e+13	      273.91	      232.57	  393.51	651.258436	  374.18	   6.242e+13	   6.688e+12	  -1.248e+14	  0.812440	  0.736976	  0.690140	 -0.615275	 -0.380977	  0.695215	  0.417499	  0.585124	 -0.200955	 -0.668679	  0.715881	8.475568e+17	-1.615384e+18
428.6291	        58	1.712680e+13	      187.07	      106.01	  414.54	586.279294	  382.47	   -2.86e+13	   1.515e+14	  -5.136e+13	  0.968571	  0.808113	  0.800644	 -0.510511	 -0.313603	  0.595087	  0.738370	  0.317302	  0.069569	 -0.440667	  0.894971	1.252665e+18	-2.101177e+18
-128.5533	         8	2.362317e+12	      956.43	      956.43	  281.12	782.375210	  326.47	   9.459e+12	   2.012e+13	    1.92e+13	  0.000000	  0.000000	  0.000000	  0.000000	  0.000000	  0.000000	  0.000000	  0.000000	  0.000000	  0.000000	  0.000000	1.258883e+17	-3.778221e+17
-155.7907	        11	3.248186e+12	      738.89	      459.93	  299.44	757.239736	  324.96	   1.611e+13	    3.39e+13	   3.022e+13	  0.749657	  0.409165	  0.942475	 -0.017080	 -0.333839	  0.285309	 -0.479286	  0.829990	  0.174181	  0.877492	  0.446843	1.715047e+17	-5.083320e+17
-188.7990	        15	4.429344e+12	      566.12	      344.55	  317.64	742.027826	  337.76	   2.457e+13	   4.359e+13	   2.933e+13	  0.794324	  0.444277	  0.553378	 -0.059768	  0.830783	  0.832907	  0.047211	 -0.551396	 -0.006266	  0.997095	  0.075906	2.526563e+17	-6.724288e+17
-228.8009	        24	7.086951e+12	      508.92	      435.58	  364.98	707.978458	  329.80	   6.676e+11	   3.862e+13	   8.327e+12	  0.885880	  0.519292	  0.090620	 -0.046295	  0.994809	  0.911661	  0.405904	 -0.064156	 -0.400826	  0.912743	  0.078988	3.854210e+17	-1.023223e+18
277.2783	        33	9.744558e+12	      393.17	      244.73	  388.77	670.058129	  324.14	  -3.284e+11	   4.171e+13	   5.416e+13	  0.788425	  0.658390	  0.196093	 -0.151818	  0.968762	  0.870983	  0.480831	 -0.100948	 -0.450485	  0.863570	  0.226518	5.119052e+17	-1.338066e+18
336.0268	        44	1.299274e+13	      294.54	      168.06	  407.78	609.148528	  348.30	  -7.616e+12	    3.17e+13	  -9.202e+12	  0.835442	  0.762577	  0.102703	 -0.463998	  0.879863	  0.566313	  0.754467	  0.331766	  0.817766	 -0.464204	 -0.340254	7.880852e+17	-1.677899e+18
407.2728	        52	1.535506e+13	      195.51	       68.62	  402.67	569.497348	  361.00	  -2.416e+13	    1.12e+14	  -3.808e+13	  0.933296	  0.784831	  0.243636	 -0.368727	  0.897041	  0.160201	  0.927506	  0.337739	  0.956544	 -0.061422	 -0.285044	1.000537e+18	-1.884445e+18
-119.5611	         6	1.771738e+12	      891.65	      891.65	  252.45	679.646104	  171.18	   1.127e+12	  -9.363e+12	   1.236e+13	  0.000000	  0.000000	  0.000000	  0.000000	  0.000000	  0.000000	  0.000000	  0.000000	  0.000000	  0.000000	  0.000000	2.595937e+16	-2.188718e+17
-149.7147	         8	2.362317e+12	      605.49	      308.49	  260.50	657.860680	  266.85	   3.535e+11	  -2.305e+13	    2.67e+13	  0.000000	  0.000000	  0.000000	  0.000000	  0.000000	  0.000000	  0.000000	  0.000000	  0.000000	  0.000000	  0.000000	8.410918e+16	-2.845715e+17
-187.4732	        11	3.248186e+12	      424.02	      235.67	  272.97	651.868656	  353.62	  -1.112e+13	  -2.543e+13	     7.6e+13	  0.917311	  0.762244	 -0.313812	  0.945762	 -0.084000	  0.866083	  0.321382	  0.382903	 -0.389131	 -0.047409	  0.919962	2.030894e+17	-3.794366e+17
-234.7544	        19	5.610503e+12	      373.01	      320.07	  320.60	621.085342	  326.58	  -3.076e+13	  -7.014e+13	    7.84e+13	  0.934244	  0.731644	  0.460373	  0.405505	  0.789698	  0.699094	 -0.713854	 -0.040994	  0.547105	  0.570946	 -0.612125	2.991881e+17	-6.192152e+17
293.9600	        31	9.153979e+12	      309.96	      244.52	  365.96	569.048000	  353.54	   1.462e+12	  -1.926e+13	   7.445e+13	  0.825771	  0.730466	 -0.605045	  0.311673	  0.732653	  0.704270	 -0.219722	  0.675075	  0.371383	  0.924436	 -0.086560	5.720958e+17	-9.371598e+17
368.1475	        39	1.151630e+13	      198.52	       82.95	  366.79	518.748632	  343.66	   9.298e+12	  -2.074e+13	   1.148e+14	  0.966599	  0.770664	 -0.332044	 -0.166987	  0.928365	  0.683506	 -0.720860	  0.114804	  0.650051	  0.672663	  0.353494	6.800549e+17	-1.115133e+18
-74.0793	         4	1.181159e+12	     2499.08	     2499.08	  261.86	669.147410	  154.31	  -3.147e+12	  -8.233e+11	  -2.945e+12	  0.000000	  0.000000	  0.000000	  0.000000	  0.000000	  0.000000	  0.000000	  0.000000	  0.000000	  0.000000	  0.000000	1.406193e+16	-1.579073e+17
-109.3460	         5	1.476448e+12	      971.34	      281.93	  240.98	648.756988	  154.57	  -3.965e+12	   5.974e+11	  -1.388e+12	  0.000000	  0.000000	  0.000000	  0.000000	  0.000000	  0.000000	  0.000000	  0.000000	  0.000000	  0.000000	  0.000000	1.763817e+16	-1.889781e+17
-161.4021	         9	2.657607e+12	      543.66	      350.66	  266.11	612.723455	  197.85	  -4.946e+12	  -5.555e+11	  -1.699e+13	  0.000000	  0.000000	  0.000000	  0.000000	  0.000000	  0.000000	  0.000000	  0.000000	  0.000000	  0.000000	  0.000000	5.201356e+16	-3.047797e+17
-238.2402	        15	4.429344e+12	      281.75	      163.55	  282.77	566.426648	  211.02	  -7.402e+12	   4.243e+12	   4.349e+12	  0.811407	  0.491314	  0.919697	  0.391089	 -0.034740	 -0.392068	  0.910054	 -0.134476	 -0.020977	  0.137298	  0.990308	9.861777e+16	-4.525434e+17
351.7085	        33	9.744558e+12	      192.65	      152.47	  345.19	488.205283	  273.70	   -1.11e+14	  -3.764e+13	  -2.992e+13	  0.868236	  0.686649	  0.769711	  0.635693	  0.058640	  0.287054	 -0.426685	  0.857637	 -0.570215	  0.643299	  0.510902	3.649788e+17	-8.267590e+17
-156.5495	         6	1.771738e+12	      397.20	      397.20	  220.62	601.674510	  377.99	   1.221e+13	   1.395e+13	  -1.141e+12	  0.000000	  0.000000	  0.000000	  0.000000	  0.000000	  0.000000	  0.000000	  0.000000	  0.000000	  0.000000	  0.000000	1.265673e+17	-1.766534e+17
-191.8809	        11	3.248186e+12	      395.47	      393.41	  269.82	579.187963	  367.40	   5.137e+12	   1.709e+13	  -1.558e+13	  0.843267	  0.591589	  0.634016	  0.725657	 -0.267291	  0.658965	 -0.326075	  0.677820	 -0.404708	  0.605885	  0.684920	2.192278e+17	-3.045084e+17
-235.1862	        15	4.429344e+12	      292.87	      170.92	  284.60	555.349530	  342.63	   3.607e+12	  -5.011e+12	  -2.672e+13	  0.741150	  0.593947	  0.776293	  0.629764	 -0.027690	 -0.544057	  0.647164	 -0.534024	 -0.318389	  0.429624	  0.845016	2.599906e+17	-3.990043e+17
288.2650	        24	7.086951e+12	      254.48	      208.85	  325.16	513.637301	  355.47	   1.514e+13	   2.228e+13	   -9.21e+12	  0.966846	  0.766757	  0.880510	 -0.470415	 -0.058407	  0.449652	  0.867871	 -0.211217	  0.150050	  0.159716	  0.975693	4.477468e+17	-5.902784e+17
353.3730	        32	9.449268e+12	      184.19	      100.73	  339.12	479.617579	  371.54	  -2.319e+11	   1.006e+13	   1.708e+13	  0.900162	  0.713557	  0.961813	 -0.251157	 -0.108792	  0.243157	  0.966544	 -0.081648	  0.125659	  0.052077	  0.990706	6.522040e+17	-7.384002e+17
-132.8775	         8	2.362317e+12	      866.06	      866.06	  276.51	635.159471	  240.13	   9.968e+12	   -3.28e+12	    5.79e+12	  0.000000	  0.000000	  0.000000	  0.000000	  0.000000	  0.000000	  0.000000	  0.000000	  0.000000	  0.000000	  0.000000	6.810923e+16	-2.614138e+17
-169.1219	        13	3.838765e+12	      682.58	      509.79	  312.44	611.713919	  296.81	   6.809e+12	  -5.038e+12	   3.199e+13	  0.756225	  0.480529	  0.929492	  0.360092	 -0.079866	  0.184375	 -0.266069	  0.946157	 -0.319454	  0.894171	  0.313701	1.690907e+17	-4.065978e+17
-215.2526	        21	6.201082e+12	      534.79	      395.60	  351.99	577.587297	  273.50	   7.377e+12	  -1.134e+13	    3.51e+13	  0.654060	  0.525106	  0.875036	  0.483652	 -0.019830	 -0.179825	  0.362832	  0.914339	 -0.449417	  0.796513	 -0.404464	2.319209e+17	-6.141312e+17
273.9661	        27	7.972820e+12	      333.49	      143.91	  353.77	505.079535	  279.08	   3.305e+13	  -1.328e+13	   8.777e+13	  0.631200	  0.588740	  0.763004	  0.611186	 -0.210420	  0.417507	 -0.217467	  0.882268	 -0.493470	  0.761025	  0.421102	3.104836e+17	-7.485333e+17
348.7447	        31	9.153979e+12	      185.63	       46.49	  335.98	475.186640	  298.20	   2.871e+13	   2.422e+13	   1.141e+14	  0.688861	  0.666492	  0.636453	  0.758093	  0.142210	  0.255338	 -0.381058	  0.888593	  0.727826	 -0.529236	 -0.436095	4.069896e+17	-8.192432e+17
-153.6898	         5	1.476448e+12	      349.82	      349.82	  203.26	613.837428	  203.87	   4.761e+12	  -5.158e+12	   5.161e+12	  0.000000	  0.000000	  0.000000	  0.000000	  0.000000	  0.000000	  0.000000	  0.000000	  0.000000	  0.000000	  0.000000	3.068254e+16	-1.456674e+17
-187.7140	        13	3.838765e+12	      499.19	      680.90	  296.56	592.415140	  357.74	   4.089e+12	  -8.827e+12	   8.326e+13	  0.684073	  0.660925	  0.758587	  0.593548	  0.268788	 -0.552463	  0.804627	 -0.217621	 -0.345443	  0.016589	  0.938293	2.456342e+17	-3.598464e+17
-229.2705	        18	5.315213e+12	      379.35	      233.56	  315.76	548.562810	  337.38	  -1.609e+13	   1.993e+13	   9.212e+13	  0.752820	  0.587615	  0.603936	  0.699299	  0.382415	  0.761076	 -0.648462	 -0.016141	 -0.236694	 -0.300795	  0.923850	3.025106e+17	-4.799983e+17
280.0269	        23	6.791662e+12	      266.04	      128.19	  322.96	520.157811	  326.48	   2.465e+12	   5.972e+13	   1.282e+14	  0.836194	  0.679647	  0.355729	  0.874717	  0.329130	  0.872463	 -0.437064	  0.218596	 -0.335060	 -0.209393	  0.918634	3.619693e+17	-5.866566e+17
342.0698	        31	9.153979e+12	      196.71	      112.46	  339.25	479.801129	  317.27	  -2.364e+13	   3.921e+13	   1.527e+14	  0.739837	  0.554896	  0.044748	  0.931794	  0.360218	  0.849880	 -0.225028	  0.476514	 -0.525072	 -0.284819	  0.801983	4.607169e+17	-7.335357e+17
-147.4524	         6	1.771738e+12	      475.34	      475.34	  227.32	581.098365	  158.02	   6.249e+12	  -4.861e+12	   -1.14e+12	  0.000000	  0.000000	  0.000000	  0.000000	  0.000000	  0.000000	  0.000000	  0.000000	  0.000000	  0.000000	  0.000000	2.212129e+16	-1.570296e+17
-180.6008	         9	2.657607e+12	      388.06	      283.82	  251.57	560.645110	  175.16	   1.736e+12	  -8.712e+12	    1.74e+12	  0.000000	  0.000000	  0.000000	  0.000000	  0.000000	  0.000000	  0.000000	  0.000000	  0.000000	  0.000000	  0.000000	4.076720e+16	-2.279712e+17
-221.2012	        14	4.134055e+12	      328.53	      257.45	  283.51	530.440379	  245.73	   6.587e+12	  -1.429e+13	  -1.261e+13	  0.699171	  0.540678	  0.896323	  0.299250	  0.327192	 -0.153958	 -0.481960	  0.862561	 -0.415815	  0.823507	  0.385920	1.248185e+17	-3.362290e+17
270.9289	        19	5.610503e+12	      242.66	      140.12	  298.43	503.736129	  249.89	   1.328e+11	  -1.467e+13	   -3.33e+13	  0.781895	  0.455556	  0.871322	  0.319535	  0.372418	 -0.155634	 -0.539803	  0.827279	 -0.465377	  0.778787	  0.420612	1.751786e+17	-4.358372e+17
331.8857	        28	8.268110e+12	      194.54	      137.13	  327.32	462.938738	  254.25	   1.473e+13	   1.903e+13	  -1.439e+13	  0.728074	  0.614531	  0.531403	  0.768963	 -0.355398	  0.495715	  0.057930	  0.866551	  0.686934	 -0.636664	 -0.350402	2.672419e+17	-5.908455e+17
-111.8154	         6	1.771738e+12	     1090.08	     1090.08	  261.05	635.941564	  203.76	  -4.485e+12	   6.397e+11	   -9.91e+12	  0.000000	  0.000000	  0.000000	  0.000000	  0.000000	  0.000000	  0.000000	  0.000000	  0.000000	  0.000000	  0.000000	3.678033e+16	-1.901925e+17
-146.6320	         9	2.657607e+12	      725.05	      434.23	  279.19	597.696485	  267.44	   5.262e+11	  -4.668e+12	   3.505e+12	  0.000000	  0.000000	  0.000000	  0.000000	  0.000000	  0.000000	  0.000000	  0.000000	  0.000000	  0.000000	  0.000000	9.504470e+16	-2.725263e+17
-192.2898	        15	4.429344e+12	      535.84	      385.10	  314.74	557.582106	  281.30	  -4.726e+12	  -9.539e+12	   2.624e+12	  0.689132	  0.547530	  0.781103	 -0.325319	 -0.532960	  0.178375	 -0.701724	  0.689758	  0.598382	  0.633838	  0.490090	1.752459e+17	-4.243672e+17
252.1642	        21	6.201082e+12	      332.64	      170.76	  325.21	516.387487	  276.36	  -1.464e+13	  -6.099e+12	  -2.527e+13	  0.726183	  0.514549	 -0.691979	  0.649637	  0.314860	  0.475977	  0.738476	 -0.477597	  0.542781	  0.180621	  0.820222	2.367989e+17	-5.484169e+17
330.7322	        28	8.268110e+12	      196.58	       88.27	  327.89	463.745446	  278.49	   -1.89e+13	  -3.675e+13	   2.796e+12	  0.699377	  0.512937	 -0.585987	  0.715466	  0.380431	  0.679779	  0.689573	 -0.249780	  0.441044	 -0.112241	  0.890439	3.206257e+17	-6.694752e+17
-146.8935	         8	2.362317e+12	      641.05	      641.05	  262.99	542.122730	  261.71	   3.456e+13	  -2.784e+12	   3.366e+12	  0.000000	  0.000000	  0.000000	  0.000000	  0.000000	  0.000000	  0.000000	  0.000000	  0.000000	  0.000000	  0.000000	8.090055e+16	-1.947051e+17
-178.7925	         8	2.362317e+12	      355.51	        0.00	  238.38	542.122730	  261.71	   3.456e+13	  -2.784e+12	   3.366e+12	  0.000000	  0.000000	  0.000000	  0.000000	  0.000000	  0.000000	  0.000000	  0.000000	  0.000000	  0.000000	  0.000000	8.090055e+16	-1.947051e+17
-217.6186	        12	3.543476e+12	      295.74	      221.31	  264.63	520.142620	  261.44	   3.123e+13	  -4.135e+12	   -2.45e+13	  0.838181	  0.678991	 -0.167664	  0.981771	  0.089526	 -0.401054	 -0.150884	  0.903543	  0.900580	  0.115586	  0.419041	1.210984e+17	-2.779593e+17
264.8760	        18	5.315213e+12	      246.01	      184.10	  293.77	492.627956	  264.71	   7.215e+13	   1.439e+13	  -2.501e+13	  0.856771	  0.831620	 -0.434547	 -0.305594	  0.847220	  0.740565	  0.414119	  0.529216	 -0.512575	  0.857390	  0.046358	1.862183e+17	-3.886226e+17
322.4457	        26	7.677530e+12	      196.98	      135.99	  320.00	452.582905	  267.71	   1.016e+14	   1.845e+13	  -2.313e+13	  0.916227	  0.745762	  0.032639	 -0.316702	  0.947963	 -0.202258	  0.926752	  0.316579	  0.978788	  0.202066	  0.033808	2.751288e+17	-5.212181e+17
-134.6575	         7	2.067027e+12	      728.15	      728.15	  256.94	585.352289	  171.34	  -6.911e+12	   1.083e+13	   3.055e+12	  0.000000	  0.000000	  0.000000	  0.000000	  0.000000	  0.000000	  0.000000	  0.000000	  0.000000	  0.000000	  0.000000	3.033960e+16	-1.878986e+17
-168.7218	        11	3.248186e+12	      581.69	      430.25	  287.74	543.731993	  252.37	  -1.254e+13	   1.212e+13	  -1.223e+13	  0.943509	  0.761666	  0.456294	  0.845517	 -0.277302	 -0.121841	  0.368067	  0.921782	  0.881448	 -0.386817	  0.270966	1.034371e+17	-2.818977e+17
-211.4033	        13	3.838765e+12	      349.48	      109.36	  279.45	526.005057	  262.10	  -1.649e+13	   2.511e+13	  -2.057e+13	  0.926396	  0.606447	 -0.095292	  0.187849	  0.977564	  0.521013	  0.846193	 -0.111817	  0.848212	 -0.498669	  0.178507	1.318531e+17	-3.230010e+17
264.8819	        18	5.315213e+12	      246.00	      138.99	  293.77	491.752144	  247.55	  -3.428e+13	   1.902e+13	  -2.113e+13	  0.773273	  0.737120	  0.543201	  0.557137	 -0.628117	  0.371219	 -0.830387	 -0.415516	  0.753080	  0.007460	  0.657887	1.628567e+17	-4.161290e+17
331.9391	        26	7.677530e+12	      180.56	      112.95	  315.39	446.063078	  268.81	  -6.238e+11	  -3.493e+13	  -9.121e+12	  0.765107	  0.609481	  0.904084	  0.287244	 -0.316421	 -0.396040	  0.841355	 -0.367798	  0.160575	  0.457836	  0.874415	2.773841e+17	-5.485300e+17
-121.5505	         6	1.771738e+12	      848.58	      848.58	  250.37	583.567347	  243.03	   6.295e+12	    1.69e+13	   5.454e+12	  0.000000	  0.000000	  0.000000	  0.000000	  0.000000	  0.000000	  0.000000	  0.000000	  0.000000	  0.000000	  0.000000	5.232350e+16	-1.680045e+17
-156.4448	         8	2.362317e+12	      530.66	      249.85	  254.83	564.190872	  266.60	   5.383e+12	   1.708e+13	   5.433e+12	  0.000000	  0.000000	  0.000000	  0.000000	  0.000000	  0.000000	  0.000000	  0.000000	  0.000000	  0.000000	  0.000000	8.394914e+16	-2.163446e+17
-201.3565	        12	3.543476e+12	      373.33	      234.37	  275.11	532.734487	  291.94	   1.768e+13	   2.601e+13	   4.313e+13	  0.681105	  0.410983	  0.942510	 -0.236830	 -0.235768	  0.028299	 -0.646418	  0.762459	  0.332978	  0.725297	  0.602553	1.510060e+17	-3.064197e+17
259.1613	        20	5.905793e+12	      291.83	      219.84	  313.06	494.559592	  268.04	   3.715e+13	   -4.96e+12	   2.851e+13	  0.902392	  0.623813	  0.823932	 -0.461828	  0.328405	  0.544310	  0.806202	 -0.231872	 -0.157676	  0.369801	  0.915634	2.121475e+17	-4.639916e+17
333.6104	        26	7.677530e+12	      177.86	       77.27	  314.60	444.944147	  260.96	   9.051e+12	  -4.737e+13	   3.226e+13	  0.808330	  0.681644	  0.559908	 -0.690865	  0.457392	  0.802690	  0.315434	 -0.506152	  0.205406	  0.650543	  0.731165	2.614232e+17	-5.614765e+17
-162.9361	         6	1.771738e+12	      352.30	      352.30	  216.25	516.960669	  217.40	   1.244e+13	  -1.172e+12	  -2.663e+12	  0.000000	  0.000000	  0.000000	  0.000000	  0.000000	  0.000000	  0.000000	  0.000000	  0.000000	  0.000000	  0.000000	4.186897e+16	-1.282840e+17
-191.8037	         6	1.771738e+12	      215.97	        0.00	  199.31	516.960669	  217.40	   1.244e+13	  -1.172e+12	  -2.663e+12	  0.000000	  0.000000	  0.000000	  0.000000	  0.000000	  0.000000	  0.000000	  0.000000	  0.000000	  0.000000	  0.000000	4.186897e+16	-1.282840e+17
-225.7858	        15	4.429344e+12	      330.99	      513.20	  290.46	490.763409	  229.30	    1.62e+13	  -2.044e+13	  -3.266e+13	  0.653657	  0.564950	  0.740529	  0.195880	 -0.642843	 -0.604021	  0.613313	 -0.508925	  0.294576	  0.765165	  0.572492	1.164479e+17	-2.983518e+17
265.7886	        18	5.315213e+12	      243.49	      104.87	  293.26	471.166069	  240.60	   4.777e+13	  -2.347e+13	   8.638e+12	  0.563076	  0.517872	  0.728140	 -0.006799	 -0.685395	 -0.155106	  0.972377	 -0.174425	  0.667648	  0.233315	  0.706972	1.538420e+17	-3.488482e+17
312.9287	        24	7.086951e+12	      198.92	      128.42	  312.09	441.391206	  264.17	    1.92e+13	  -8.882e+13	   5.391e+13	  0.740601	  0.647490	 -0.579258	 -0.033560	  0.814453	  0.790849	 -0.265259	  0.551539	  0.197531	  0.963593	  0.180194	2.472892e+17	-4.403413e+17
-156.1899	         5	1.476448e+12	      333.29	      333.29	  201.63	516.187766	  287.45	  -3.777e+12	  -2.139e+13	   2.626e+12	  0.000000	  0.000000	  0.000000	  0.000000	  0.000000	  0.000000	  0.000000	  0.000000	  0.000000	  0.000000	  0.000000	6.099795e+16	-1.050206e+17
-193.8924	         9	2.657607e+12	      313.60	      292.03	  242.79	497.151924	  252.49	  -2.189e+13	  -4.231e+13	    1.01e+13	  0.000000	  0.000000	  0.000000	  0.000000	  0.000000	  0.000000	  0.000000	  0.000000	  0.000000	  0.000000	  0.000000	8.471007e+16	-1.793710e+17
-240.6959	        16	4.724634e+12	      291.42	      267.14	  290.55	465.597852	  278.36	   -1.36e+13	  -4.842e+13	  -2.659e+13	  0.709280	  0.557454	  0.766004	  0.219266	 -0.604285	  0.534457	  0.305116	  0.788200	 -0.357203	  0.926729	 -0.116531	1.830473e+17	-2.979900e+17
298.8473	        21	6.201082e+12	      199.84	       99.64	  298.73	422.500684	  266.79	   1.826e+13	   -3.22e+13	  -6.735e+13	  0.822889	  0.721092	  0.768855	  0.171198	 -0.616079	  0.634752	 -0.088103	  0.767677	 -0.077146	  0.981289	  0.176407	2.206805e+17	-3.706236e+17
-168.3336	         5	1.476448e+12	      266.24	      266.24	  194.22	498.259440	  160.60	  -3.378e+12	   1.054e+13	   9.577e+12	  0.000000	  0.000000	  0.000000	  0.000000	  0.000000	  0.000000	  0.000000	  0.000000	  0.000000	  0.000000	  0.000000	1.904117e+16	-9.761087e+16
-205.0880	        11	3.248186e+12	      323.88	      395.18	  260.99	471.024386	  230.48	   3.399e+13	   1.534e+13	   2.612e+13	  0.681918	  0.351751	 -0.320516	  0.939583	 -0.120217	 -0.013958	  0.122214	  0.992406	  0.947140	  0.319760	 -0.026057	8.627422e+16	-2.036123e+17
249.8675	        15	4.429344e+12	      244.22	      145.68	  276.11	449.141161	  224.58	   3.919e+13	   2.728e+13	   9.973e+12	  0.570219	  0.368588	 -0.278049	  0.916404	 -0.287910	 -0.145863	  0.255972	  0.955616	  0.949427	  0.307704	  0.062496	1.116969e+17	-2.651260e+17
304.4743	        21	6.201082e+12	      188.96	      120.70	  295.95	418.577685	  225.86	   7.733e+12	   2.627e+13	  -1.148e+13	  0.742014	  0.568923	 -0.252066	  0.868565	 -0.426683	 -0.304695	  0.347259	  0.886889	  0.918490	  0.353563	  0.177115	1.581660e+17	-3.485641e+17
