#r(1)	npart(2)	M_in_r(3)	ovdens(4)	dens(5)	vcirc(6)	vesc(7)	sigv(8)	Lx(9)	Ly(10)	Lz(11)	b(12)	c(13)	Eax(14)	Eay(15)	Eaz(16)	Ebx(17)	Eby(18)	Ebz(19)	Ecx(20)	Ecy(21)	Ecz(22)	Ekin(23)	Epot(24)	
-114.0613	         8	2.362317e+12	     1369.26	     1369.26	  298.45	1617.142813	  663.63	    1.05e+13	   4.262e+13	   4.615e+13	  0.000000	  0.000000	  0.000000	  0.000000	  0.000000	  0.000000	  0.000000	  0.000000	  0.000000	  0.000000	  0.000000	5.201848e+17	-1.558336e+18
-135.8614	        15	4.429344e+12	     1519.20	     1736.52	  374.45	1610.408898	  714.81	  -3.725e+13	   1.988e+13	    5.47e+13	  0.748726	  0.627905	  0.999385	 -0.033461	 -0.010496	 -0.002355	 -0.362645	  0.931924	  0.034989	  0.931326	  0.362501	1.131606e+18	-2.904282e+18
-161.8281	        18	5.315213e+12	     1078.76	      440.38	  375.84	1591.973143	  699.47	  -2.017e+13	   5.344e+13	   5.874e+13	  0.855240	  0.597797	  0.809970	 -0.232083	  0.538596	 -0.584374	 -0.241796	  0.774624	  0.049547	  0.942164	  0.331471	1.300262e+18	-3.471679e+18
-192.7577	        29	8.563399e+12	     1028.43	      955.49	  437.10	1577.618685	  709.76	   8.492e+12	   1.157e+14	   5.072e+13	  0.716697	  0.510231	  0.820409	  0.085237	  0.565389	 -0.526457	 -0.273218	  0.805106	 -0.223100	  0.958168	  0.179277	2.156957e+18	-5.508734e+18
229.5987	        54	1.594564e+13	     1133.18	     1284.99	  546.52	1545.973704	  789.78	   6.743e+13	   3.632e+14	   7.377e+13	  0.703671	  0.597894	  0.886397	  0.035794	  0.461540	 -0.374064	  0.642740	  0.668552	  0.272720	  0.765248	 -0.583112	4.973033e+18	-1.002425e+19
273.4811	        83	2.450904e+13	     1030.64	      882.03	  620.82	1511.079292	  727.38	   1.472e+14	   3.037e+14	  -9.104e+13	  0.750430	  0.696154	  0.836030	 -0.023191	  0.548193	 -0.456994	  0.523511	  0.719092	  0.303662	  0.851703	 -0.427073	6.483607e+18	-1.501758e+19
325.7505	       113	3.336773e+13	      830.30	      539.93	  663.72	1462.531656	  716.47	   3.673e+14	   1.292e+14	  -3.714e+13	  0.775261	  0.645005	  0.771344	  0.106776	  0.627397	 -0.553163	  0.599968	  0.577970	  0.314705	  0.792866	 -0.521847	8.564311e+18	-1.994124e+19
388.0100	       146	4.311229e+13	      634.80	      351.44	  691.27	1403.868171	  723.64	   2.885e+14	  -2.136e+14	  -3.654e+13	  0.687283	  0.638820	  0.814163	  0.131799	  0.565480	 -0.568492	  0.379085	  0.730145	  0.118132	  0.915928	 -0.383563	1.128812e+19	-2.492284e+19
462.1688	       188	5.551445e+13	      483.69	      264.68	  718.74	1342.515953	  753.51	   3.668e+12	    -7.2e+13	   1.264e+14	  0.677659	  0.610502	  0.847643	  0.115520	  0.517838	 -0.441320	  0.695287	  0.567285	 -0.294514	 -0.709388	  0.640336	1.575998e+19	-3.078029e+19
550.5014	       242	7.146009e+13	      368.43	      201.37	  747.17	1272.649124	  769.34	   -4.12e+14	  -1.787e+14	   5.838e+14	  0.713235	  0.610995	  0.777111	  0.148049	  0.611703	 -0.510623	  0.716497	  0.475286	 -0.367918	 -0.681699	  0.632395	2.114781e+19	-3.760016e+19
655.7167	       317	9.360681e+13	      285.58	      165.49	  783.54	1188.198919	  775.41	  -9.116e+14	   6.046e+14	   1.638e+13	  0.709235	  0.584113	  0.837299	  0.067965	  0.542505	 -0.468319	  0.601203	  0.647482	  0.282149	  0.796201	 -0.535215	2.814090e+19	-4.600832e+19
781.0914	       370	1.092572e+14	      197.20	       69.17	  775.61	1096.907247	  787.77	  -1.598e+15	   1.804e+15	  -1.406e+14	  0.739166	  0.609185	  0.893023	  0.057954	  0.446264	 -0.340921	  0.734429	  0.586845	 -0.293739	 -0.676207	  0.675620	3.390152e+19	-5.112124e+19
-85.0608	         4	1.181159e+12	     1650.76	     1650.76	  244.37	1404.264311	  604.07	  -4.102e+12	  -8.182e+12	    1.12e+13	  0.000000	  0.000000	  0.000000	  0.000000	  0.000000	  0.000000	  0.000000	  0.000000	  0.000000	  0.000000	  0.000000	2.155008e+17	-5.986755e+17
-105.0476	         5	1.476448e+12	     1095.53	      467.10	  245.86	1401.075727	  542.75	  -5.371e+11	  -7.222e+12	   1.194e+13	  0.000000	  0.000000	  0.000000	  0.000000	  0.000000	  0.000000	  0.000000	  0.000000	  0.000000	  0.000000	  0.000000	2.174680e+17	-7.435899e+17
-129.7306	         9	2.657607e+12	     1046.95	      991.97	  296.82	1389.879160	  758.69	  -6.113e+12	   4.396e+13	   1.498e+13	  0.000000	  0.000000	  0.000000	  0.000000	  0.000000	  0.000000	  0.000000	  0.000000	  0.000000	  0.000000	  0.000000	7.648802e+17	-1.317779e+18
-160.2134	        11	3.248186e+12	      679.37	      263.33	  295.28	1380.521872	  735.59	   2.876e+13	   5.335e+13	  -7.579e+12	  0.632617	  0.445585	  0.318081	  0.605181	  0.729781	  0.862968	 -0.503555	  0.041448	  0.392569	  0.616594	 -0.682423	8.787933e+17	-1.599374e+18
-197.8587	        24	7.086951e+12	      786.97	      908.75	  392.48	1362.437286	  707.66	   1.361e+14	    -9.5e+12	  -6.493e+13	  0.654073	  0.570047	  0.417254	  0.370648	  0.829771	 -0.825873	  0.535681	  0.176012	  0.379254	  0.758727	 -0.529623	1.774509e+18	-3.402946e+18
244.3496	        41	1.210687e+13	      713.77	      630.93	  461.61	1335.850185	  720.29	   2.809e+14	  -1.306e+14	  -1.839e+14	  0.705376	  0.566763	  0.633865	  0.327993	  0.700454	 -0.550591	  0.827387	  0.110818	 -0.543199	 -0.455908	  0.705041	3.140588e+18	-5.681450e+18
301.7644	        71	2.096556e+13	      656.25	      591.13	  546.62	1293.139507	  778.44	   3.766e+14	   -4.24e+14	  -4.238e+14	  0.790087	  0.590900	  0.674939	 -0.074535	  0.734099	 -0.134764	  0.965699	  0.221953	  0.725462	  0.248735	 -0.641744	6.352210e+18	-9.521595e+18
372.6700	       116	3.425360e+13	      569.24	      470.77	  628.72	1235.516284	  757.35	   1.959e+14	  -1.089e+15	  -5.262e+14	  0.718258	  0.638144	  0.635845	 -0.118677	  0.762638	 -0.190118	  0.933578	  0.303787	  0.748035	  0.338153	 -0.571049	9.823640e+18	-1.483950e+19
460.2362	       164	4.842750e+13	      427.28	      266.60	  672.70	1161.437405	  754.15	   2.373e+14	  -1.679e+15	  -9.254e+14	  0.778543	  0.724493	  0.634804	 -0.138429	  0.760172	  0.660646	  0.607456	 -0.441072	 -0.400714	  0.782198	  0.477068	1.377148e+19	-1.990896e+19
568.3779	       210	6.201082e+13	      290.48	      135.65	  684.99	1075.599322	  750.26	    1.24e+15	  -2.102e+15	   -2.51e+14	  0.824580	  0.768043	  0.724325	 -0.141722	  0.674736	 -0.625304	 -0.547279	  0.556309	 -0.290428	  0.824864	  0.485027	1.745251e+19	-2.414389e+19
701.9796	       264	7.795646e+13	      193.84	       84.50	  691.08	977.375049	  735.47	   1.526e+15	  -3.166e+15	   4.174e+14	  0.854881	  0.768016	  0.831314	 -0.122621	  0.542108	 -0.541895	 -0.395645	  0.741495	 -0.123560	  0.910181	  0.395353	2.108385e+19	-2.837541e+19
-113.0254	         7	2.067027e+12	     1231.35	     1231.35	  280.45	1069.924444	  532.11	  -1.285e+12	  -2.433e+13	   7.407e+12	  0.000000	  0.000000	  0.000000	  0.000000	  0.000000	  0.000000	  0.000000	  0.000000	  0.000000	  0.000000	  0.000000	2.926298e+17	-6.020345e+17
-138.5742	        13	3.838765e+12	     1240.82	     1252.05	  345.16	1048.550533	  536.42	   6.336e+12	  -5.197e+13	   4.413e+12	  0.819198	  0.467177	  0.454842	 -0.509172	 -0.730659	  0.875679	  0.106286	  0.471051	  0.162187	  0.854077	 -0.494215	5.523013e+17	-1.099621e+18
-169.8982	        25	7.382241e+12	     1294.75	     1358.73	  432.28	1013.700270	  553.77	  -1.404e+13	  -9.917e+13	  -5.225e+13	  0.950144	  0.760276	  0.789503	 -0.104248	 -0.604828	  0.604283	  0.304416	  0.736324	 -0.107359	  0.946817	 -0.303333	1.131908e+18	-2.050804e+18
208.3029	        35	1.033514e+13	      983.55	      614.37	  461.93	977.875448	  564.75	  -7.293e+12	  -1.706e+14	  -5.819e+13	  0.872206	  0.798888	 -0.534539	  0.235698	  0.811612	  0.820578	 -0.085112	  0.565161	  0.202285	  0.968092	 -0.147913	1.648166e+18	-2.772125e+18
255.3887	        49	1.446919e+13	      747.14	      466.70	  493.61	930.551384	  577.11	   9.996e+13	  -2.031e+14	  -1.267e+14	  0.856091	  0.839787	  0.924989	 -0.009363	  0.379878	 -0.332539	  0.463816	  0.821153	  0.183882	  0.885882	 -0.425911	2.409529e+18	-3.708145e+18
313.1180	        66	1.948912e+13	      546.05	      307.50	  517.38	872.790312	  590.71	   1.348e+14	  -2.476e+14	  -1.824e+14	  0.853938	  0.834361	  0.944916	 -0.153038	 -0.289331	  0.323458	  0.301354	  0.896973	  0.050080	  0.941151	 -0.334256	3.400224e+18	-4.728091e+18
383.8967	        80	2.362317e+13	      359.14	      137.40	  514.43	807.838784	  608.08	   1.584e+14	  -4.057e+13	  -2.765e+14	  0.850097	  0.778013	  0.958807	 -0.206103	 -0.195474	  0.059448	  0.818505	 -0.571415	  0.277766	  0.536256	  0.797042	4.367532e+18	-5.454648e+18
470.7246	       100	2.952896e+13	      243.51	      106.43	  519.41	738.990583	  647.98	   9.905e+13	   2.405e+14	  -2.518e+14	  0.914440	  0.745818	  0.043077	  0.900813	 -0.432065	  0.973623	 -0.134839	 -0.184057	  0.224060	  0.412739	  0.882861	6.199270e+18	-6.346604e+18
-122.9715	         7	2.067027e+12	      956.09	      956.09	  268.87	842.483523	  387.10	  -2.672e+13	  -4.239e+12	  -3.136e+13	  0.000000	  0.000000	  0.000000	  0.000000	  0.000000	  0.000000	  0.000000	  0.000000	  0.000000	  0.000000	  0.000000	1.548690e+17	-3.782886e+17
-151.7811	        11	3.248186e+12	      799.01	      620.58	  303.37	821.643016	  374.62	   -4.49e+13	  -2.809e+12	  -5.093e+13	  0.988696	  0.894460	  0.932511	  0.170447	 -0.318387	 -0.050190	  0.934225	  0.353135	  0.357636	 -0.313322	  0.879730	2.279221e+17	-5.818112e+17
-187.3403	        14	4.134055e+12	      540.81	      247.53	  308.06	799.123369	  402.89	  -8.395e+13	    4.32e+13	  -7.603e+13	  0.796307	  0.605638	  0.551724	  0.736705	  0.390982	 -0.755065	  0.242101	  0.609315	  0.354228	 -0.631390	  0.689833	3.355126e+17	-7.251789e+17
-231.2302	        24	7.086951e+12	      493.05	      438.79	  363.06	772.394053	  402.00	  -5.184e+13	   7.277e+12	  -1.369e+14	  0.790940	  0.561994	  0.702203	  0.562873	 -0.435987	  0.317241	  0.300852	  0.899359	 -0.637393	  0.769845	 -0.032693	5.726494e+17	-1.177564e+18
285.4027	        41	1.210687e+13	      447.94	      396.71	  427.12	731.622895	  399.03	  -2.464e+14	   1.416e+14	  -1.656e+14	  0.900496	  0.584940	  0.772002	  0.442822	  0.455985	 -0.365501	 -0.277644	  0.888438	 -0.520022	  0.852539	  0.052490	9.638397e+17	-1.883767e+18
352.2666	        56	1.653622e+13	      325.38	      186.15	  449.31	653.061209	  400.89	  -2.878e+14	   2.807e+14	  -1.253e+14	  0.892594	  0.705178	  0.680514	  0.453291	  0.575698	 -0.259619	 -0.585552	  0.767937	 -0.685200	  0.672053	  0.280794	1.328792e+18	-2.437117e+18
434.8454	        64	1.889854e+13	      197.69	       52.76	  432.33	611.439625	  407.44	  -1.904e+14	   2.914e+14	  -1.222e+14	  0.950257	  0.700770	  0.012601	 -0.731663	  0.681550	  0.750001	  0.457708	  0.477496	  0.661317	 -0.505146	 -0.554516	1.568667e+18	-2.666088e+18
-105.5930	         5	1.476448e+12	     1078.64	     1078.64	  245.22	749.609477	  159.01	  -1.087e+12	   6.272e+11	   -5.24e+09	  0.000000	  0.000000	  0.000000	  0.000000	  0.000000	  0.000000	  0.000000	  0.000000	  0.000000	  0.000000	  0.000000	1.866535e+16	-2.197241e+17
-137.0186	         8	2.362317e+12	      789.88	      546.19	  272.30	737.242395	  214.52	   2.681e+12	    5.35e+12	  -1.302e+13	  0.000000	  0.000000	  0.000000	  0.000000	  0.000000	  0.000000	  0.000000	  0.000000	  0.000000	  0.000000	  0.000000	5.435521e+16	-3.407196e+17
-177.7968	        18	5.315213e+12	      813.42	      833.28	  358.56	697.032398	  346.75	   1.791e+13	   2.831e+13	  -1.711e+13	  0.825110	  0.764458	  0.224156	  0.446814	  0.866090	  0.816693	 -0.571039	  0.083226	  0.531758	  0.688674	 -0.492912	3.195432e+17	-7.200651e+17
-230.7110	        26	7.677530e+12	      537.75	      305.10	  378.31	647.499040	  351.56	   1.877e+13	  -1.752e+13	  -2.664e+13	  0.826937	  0.631917	  0.679516	  0.057771	  0.731383	  0.691800	 -0.382374	 -0.612538	  0.244275	  0.922200	 -0.299795	4.744407e+17	-9.866374e+17
299.3730	        32	9.449268e+12	      302.92	      104.73	  368.43	593.223642	  343.72	   1.986e+13	  -4.847e+12	  -5.093e+13	  0.791924	  0.598779	  0.660806	 -0.030275	  0.749946	  0.417129	 -0.815853	 -0.400484	  0.623971	  0.577466	 -0.526492	5.581933e+17	-1.153510e+18
388.5196	        43	1.269745e+13	      186.23	       87.82	  374.90	530.226925	  355.25	   2.683e+13	   5.156e+13	  -4.724e+13	  0.887433	  0.635714	  0.568563	  0.313402	  0.760602	 -0.460541	  0.887381	 -0.021379	  0.681644	  0.338133	 -0.648867	8.012063e+17	-1.412536e+18
-107.3115	         4	1.181159e+12	      822.12	      822.12	  217.57	665.991257	  198.37	   3.759e+12	  -4.974e+12	  -3.071e+12	  0.000000	  0.000000	  0.000000	  0.000000	  0.000000	  0.000000	  0.000000	  0.000000	  0.000000	  0.000000	  0.000000	2.323949e+16	-1.398817e+17
-144.6684	         8	2.362317e+12	      671.09	      566.94	  265.00	620.526064	  188.89	   6.965e+12	  -1.936e+13	   1.347e+12	  0.000000	  0.000000	  0.000000	  0.000000	  0.000000	  0.000000	  0.000000	  0.000000	  0.000000	  0.000000	  0.000000	4.214149e+16	-2.656218e+17
-195.0300	        12	3.543476e+12	      410.86	      231.40	  279.53	599.173239	  241.92	   8.508e+12	  -2.603e+13	   8.073e+12	  0.703666	  0.551007	  0.577109	  0.430095	 -0.694236	  0.538800	  0.438302	  0.719435	 -0.613710	  0.789246	 -0.021212	1.036881e+17	-3.753271e+17
262.9232	        21	6.201082e+12	      293.46	      212.50	  318.48	543.035897	  270.71	  -2.187e+13	  -3.791e+13	   1.071e+14	  0.778907	  0.686369	  0.802240	  0.522069	  0.289577	 -0.329563	 -0.017173	  0.943977	 -0.497794	  0.852730	 -0.158277	2.272253e+17	-5.938585e+17
354.5013	        34	1.003985e+13	      193.84	      125.19	  349.00	493.591019	  319.37	  -2.901e+13	  -8.977e+13	   9.525e+13	  0.832987	  0.624377	 -0.027881	 -0.641138	  0.766919	  0.957903	  0.202169	  0.203836	 -0.285734	  0.740317	  0.608512	5.120055e+17	-8.588995e+17
-84.6542	         7	2.067027e+12	     2930.65	     2930.65	  324.05	679.222612	  213.95	   1.015e+13	   2.757e+12	   -3.32e+12	  0.000000	  0.000000	  0.000000	  0.000000	  0.000000	  0.000000	  0.000000	  0.000000	  0.000000	  0.000000	  0.000000	4.730745e+16	-2.790287e+17
-120.8170	         9	2.657607e+12	     1296.20	      439.09	  307.57	666.994496	  211.72	   1.026e+13	   2.517e+12	  -7.845e+12	  0.000000	  0.000000	  0.000000	  0.000000	  0.000000	  0.000000	  0.000000	  0.000000	  0.000000	  0.000000	  0.000000	5.956597e+16	-3.454943e+17
-172.4278	        14	4.134055e+12	      693.61	      377.62	  321.11	608.573072	  251.44	   9.135e+12	   9.711e+12	  -2.233e+13	  0.801509	  0.680583	 -0.253094	 -0.269849	  0.929045	 -0.047021	  0.962608	  0.266787	  0.966298	 -0.023838	  0.256319	1.306849e+17	-4.944112e+17
246.0858	        23	6.791662e+12	      391.99	      233.83	  344.52	534.515329	  266.44	   4.058e+13	  -4.052e+12	  -3.378e+13	  0.940894	  0.689254	 -0.512396	  0.819729	 -0.255919	 -0.669335	 -0.194528	  0.717042	  0.537997	  0.538705	  0.648349	2.410791e+17	-7.104599e+17
351.2593	        30	8.858689e+12	      175.81	       62.52	  329.33	465.783072	  266.99	   4.836e+12	   3.644e+13	  -2.483e+13	  0.888263	  0.745068	 -0.088856	 -0.674074	  0.733300	  0.923056	  0.220905	  0.314912	  0.374263	 -0.704859	 -0.602579	3.157327e+17	-8.402823e+17
-144.9908	         6	1.771738e+12	      499.97	      499.97	  229.24	559.133682	  295.57	  -3.115e+13	   2.481e+13	  -2.042e+13	  0.000000	  0.000000	  0.000000	  0.000000	  0.000000	  0.000000	  0.000000	  0.000000	  0.000000	  0.000000	  0.000000	7.739282e+16	-1.504041e+17
-178.0393	         7	2.067027e+12	      315.04	       97.86	  223.45	555.755712	  293.16	  -2.752e+13	   3.508e+13	   -2.44e+13	  0.000000	  0.000000	  0.000000	  0.000000	  0.000000	  0.000000	  0.000000	  0.000000	  0.000000	  0.000000	  0.000000	8.882183e+16	-1.732052e+17
-218.6206	        11	3.248186e+12	      267.38	      211.41	  252.78	529.315715	  291.66	  -5.794e+13	   3.034e+13	  -4.699e+13	  0.772291	  0.366139	  0.141319	  0.894033	 -0.425129	  0.977689	 -0.193460	 -0.081843	  0.155415	  0.404078	  0.901425	1.381574e+17	-2.609400e+17
268.4519	        18	5.315213e+12	      236.31	      199.82	  291.81	498.444080	  286.99	  -8.283e+13	   5.495e+13	  -1.635e+13	  0.754507	  0.475040	  0.623277	 -0.560131	  0.545691	  0.737651	  0.652781	 -0.172475	 -0.259608	  0.510029	  0.820045	2.188908e+17	-3.970149e+17
329.6915	        28	8.268110e+12	      198.45	      154.03	  328.41	464.476962	  324.09	  -2.817e+13	   1.961e+14	    3.66e+13	  0.722101	  0.435142	  0.722735	 -0.514777	  0.461150	  0.691112	  0.534148	 -0.486877	  0.004311	  0.670589	  0.741816	4.342079e+17	-5.685492e+17
-132.3673	         7	2.067027e+12	      766.60	      766.60	  259.15	608.274293	  188.64	   4.189e+12	   1.084e+13	    9.91e+11	  0.000000	  0.000000	  0.000000	  0.000000	  0.000000	  0.000000	  0.000000	  0.000000	  0.000000	  0.000000	  0.000000	3.677596e+16	-2.053218e+17
-166.2318	        11	3.248186e+12	      608.22	      446.72	  289.89	578.346185	  231.20	   2.394e+13	   4.677e+12	    1.98e+12	  0.596760	  0.493717	  0.138141	  0.778863	 -0.611793	  0.933296	  0.104369	  0.343606	 -0.331474	  0.618450	  0.712492	8.681701e+16	-3.074730e+17
-208.7601	        16	4.724634e+12	      446.67	      281.93	  311.98	545.724509	  229.28	   2.498e+13	  -1.132e+11	   4.473e+12	  0.891999	  0.632246	 -0.126127	  0.879810	 -0.458287	  0.211497	  0.475203	  0.854079	  0.969206	  0.010796	 -0.246014	1.241826e+17	-4.237593e+17
262.1687	        22	6.496372e+12	      310.09	      170.81	  326.45	496.491474	  256.39	   3.118e+13	   6.743e+12	   1.213e+13	  0.746639	  0.656983	  0.248468	  0.932250	  0.263009	  0.804289	 -0.349872	  0.480321	 -0.539798	 -0.092191	  0.836731	2.135260e+17	-5.432709e+17
329.2913	        27	7.972820e+12	      192.06	       71.80	  322.69	456.384429	  254.63	    1.88e+13	  -1.135e+13	  -2.599e+13	  0.784167	  0.714727	 -0.085583	  0.842048	  0.532570	 -0.085369	 -0.538763	  0.838121	  0.992667	  0.026265	  0.117994	2.584644e+17	-6.269615e+17
-141.4536	         9	2.657607e+12	      807.63	      807.63	  284.25	581.199497	  238.69	   6.232e+12	  -3.892e+12	  -8.595e+12	  0.000000	  0.000000	  0.000000	  0.000000	  0.000000	  0.000000	  0.000000	  0.000000	  0.000000	  0.000000	  0.000000	7.570412e+16	-2.480895e+17
-175.5721	        10	2.952896e+12	      469.29	       98.38	  268.94	559.639267	  248.13	   2.028e+13	  -1.147e+13	   -1.36e+13	  0.000000	  0.000000	  0.000000	  0.000000	  0.000000	  0.000000	  0.000000	  0.000000	  0.000000	  0.000000	  0.000000	9.090100e+16	-2.712104e+17
-217.9199	        13	3.838765e+12	      319.05	      154.35	  275.24	532.071259	  301.50	   1.842e+13	  -1.537e+13	   1.909e+11	  0.659744	  0.529909	  0.860108	  0.509293	 -0.028889	 -0.495190	  0.820012	 -0.286997	 -0.122476	  0.261155	  0.957496	1.744808e+17	-3.382287e+17
270.4819	        20	5.905793e+12	      256.70	      188.34	  306.43	496.181216	  293.51	   1.908e+12	  -1.146e+13	   2.592e+13	  0.832752	  0.652941	  0.854144	  0.381087	  0.353852	 -0.149548	 -0.471697	  0.868986	 -0.498070	  0.795157	  0.345907	2.543858e+17	-4.727999e+17
335.7719	        27	7.972820e+12	      181.15	       98.41	  319.56	451.958072	  290.50	  -5.388e+12	   8.773e+12	   9.868e+13	  0.901832	  0.696313	  0.778677	  0.467071	 -0.418935	  0.544676	 -0.171790	  0.820863	 -0.311433	  0.867371	  0.388172	3.364142e+17	-5.899457e+17
-119.6119	         6	1.771738e+12	      890.51	      890.51	  252.39	601.747102	  225.36	  -1.937e+12	    -2.3e+11	  -1.369e+11	  0.000000	  0.000000	  0.000000	  0.000000	  0.000000	  0.000000	  0.000000	  0.000000	  0.000000	  0.000000	  0.000000	4.499221e+16	-1.692713e+17
-153.9743	        10	2.952896e+12	      695.77	      523.92	  287.19	571.273713	  273.22	  -6.998e+12	    8.16e+12	  -1.958e+12	  0.000000	  0.000000	  0.000000	  0.000000	  0.000000	  0.000000	  0.000000	  0.000000	  0.000000	  0.000000	  0.000000	1.102136e+17	-2.716375e+17
-198.2084	        13	3.838765e+12	      424.02	      184.20	  288.60	525.421319	  307.33	  -3.963e+13	   2.487e+13	   1.826e+13	  0.631571	  0.564949	  0.928235	  0.000438	  0.371994	 -0.038237	  0.994815	  0.094242	 -0.370024	 -0.101703	  0.923439	1.812898e+17	-3.359576e+17
255.1501	        18	5.315213e+12	      275.23	      143.92	  299.32	486.865141	  346.37	  -1.489e+13	   3.761e+13	  -5.153e+11	  0.898565	  0.589040	  0.913478	 -0.088098	  0.397236	  0.202008	  0.945656	 -0.254810	 -0.353201	  0.313008	  0.881632	3.188460e+17	-4.301230e+17
328.5002	        26	7.677530e+12	      186.29	      107.86	  317.04	448.392100	  351.40	  -3.962e+13	  -1.379e+13	  -1.493e+13	  0.959084	  0.896066	  0.203966	  0.568896	  0.796716	 -0.817131	  0.547136	 -0.181491	  0.539161	  0.614003	 -0.576459	4.740237e+17	-5.596901e+17
-156.2304	         9	2.657607e+12	      599.46	      599.46	  270.48	560.995389	  248.96	   2.423e+13	  -2.185e+13	   1.912e+13	  0.000000	  0.000000	  0.000000	  0.000000	  0.000000	  0.000000	  0.000000	  0.000000	  0.000000	  0.000000	  0.000000	8.236189e+16	-2.344379e+17
-192.2361	        12	3.543476e+12	      429.03	      231.55	  281.56	533.035701	  248.11	   1.807e+12	  -3.519e+13	   3.537e+13	  0.681208	  0.543630	  0.219014	  0.857313	  0.465883	  0.974633	 -0.169667	 -0.145961	  0.046089	 -0.486033	  0.872725	1.090615e+17	-3.006162e+17
-236.5398	        15	4.429344e+12	      287.87	      124.29	  283.78	515.692097	  240.17	   4.506e+12	  -4.133e+13	   5.094e+13	  0.651704	  0.477431	  0.109263	  0.918003	  0.381224	 -0.863535	 -0.102286	  0.493806	  0.492310	 -0.383155	  0.781552	1.277482e+17	-3.607617e+17
291.0539	        25	7.382241e+12	      257.53	      222.38	  330.27	471.209759	  251.71	  -2.799e+13	   3.719e+12	   4.784e+13	  0.811637	  0.408617	  0.328306	  0.934879	  0.134969	  0.735382	 -0.163298	 -0.657683	  0.592814	 -0.315175	  0.741105	2.338695e+17	-5.412751e+17
358.1816	        26	7.677530e+12	      143.71	       11.93	  303.62	429.409254	  254.95	  -5.595e+13	   -1.06e+13	   3.937e+13	  0.779631	  0.471386	  0.177902	  0.976946	  0.118016	  0.809482	 -0.077093	 -0.582062	  0.559545	 -0.199082	  0.804535	2.495116e+17	-5.548874e+17
-134.6404	         5	1.476448e+12	      520.30	      520.30	  217.16	554.036436	  324.72	   1.363e+13	  -1.142e+13	  -9.398e+11	  0.000000	  0.000000	  0.000000	  0.000000	  0.000000	  0.000000	  0.000000	  0.000000	  0.000000	  0.000000	  0.000000	7.784027e+16	-1.247661e+17
-166.7440	         7	2.067027e+12	      383.50	      231.39	  230.90	531.206514	  352.11	   2.067e+13	  -1.041e+13	   1.178e+13	  0.000000	  0.000000	  0.000000	  0.000000	  0.000000	  0.000000	  0.000000	  0.000000	  0.000000	  0.000000	  0.000000	1.281372e+17	-1.680033e+17
-206.5022	        11	3.248186e+12	      317.27	      243.64	  260.09	521.683613	  328.52	   1.839e+13	  -3.026e+13	   3.828e+13	  0.720881	  0.634917	  0.922343	 -0.346151	 -0.171644	  0.344155	  0.534127	  0.772182	  0.175612	  0.771289	 -0.611779	1.752778e+17	-2.489296e+17
255.7405	        18	5.315213e+12	      273.33	      224.47	  298.97	489.083881	  308.42	   4.345e+13	   -1.24e+13	   2.378e+13	  0.950905	  0.539126	  0.871829	 -0.359904	 -0.332241	  0.358045	  0.005404	  0.933689	  0.334243	  0.932974	 -0.133573	2.527938e+17	-3.797816e+17
316.7690	        25	7.382241e+12	      199.77	      118.06	  316.58	447.753524	  304.69	   4.324e+13	   6.138e+12	   2.861e+13	  0.736526	  0.606350	  0.670144	 -0.579861	  0.463323	 -0.372364	  0.277339	  0.885679	  0.642069	  0.766057	  0.030062	3.426642e+17	-4.928910e+17
-112.6522	         7	2.067027e+12	     1243.63	     1243.63	  280.91	615.338550	  207.65	  -1.027e+13	  -1.344e+13	   2.455e+12	  0.000000	  0.000000	  0.000000	  0.000000	  0.000000	  0.000000	  0.000000	  0.000000	  0.000000	  0.000000	  0.000000	4.456152e+16	-2.165428e+17
-158.1764	        13	3.838765e+12	      834.32	      602.84	  323.07	572.523723	  235.27	  -3.209e+13	  -2.248e+13	  -1.295e+13	  0.754077	  0.334057	  0.243428	 -0.492254	  0.835721	 -0.737422	  0.465775	  0.489145	  0.630041	  0.735350	  0.249616	1.062398e+17	-3.722978e+17
-222.0974	        22	6.496372e+12	      510.04	      326.65	  354.68	448.261726	  243.47	  -3.488e+13	  -1.576e+13	   2.403e+13	  0.867710	  0.667451	  0.973480	  0.030253	 -0.226763	  0.219347	 -0.405014	  0.887609	  0.064989	  0.913810	  0.400909	1.925438e+17	-5.548503e+17
311.8998	        23	6.791662e+12	      192.53	       13.10	  306.02	432.809991	  247.53	  -3.326e+13	  -1.802e+13	   2.531e+13	  0.797055	  0.603904	  0.803903	  0.057250	 -0.591998	  0.581678	 -0.283291	  0.762494	  0.124055	  0.957324	  0.261039	2.080721e+17	-5.686790e+17
-110.7970	         5	1.476448e+12	      933.68	      933.68	  239.39	547.002790	  157.75	   2.281e+11	   9.457e+12	  -7.541e+12	  0.000000	  0.000000	  0.000000	  0.000000	  0.000000	  0.000000	  0.000000	  0.000000	  0.000000	  0.000000	  0.000000	1.837175e+16	-1.504750e+17
-156.4657	         6	1.771738e+12	      397.84	      102.81	  220.68	534.961248	  246.59	   1.792e+13	   5.864e+12	    6.86e+12	  0.000000	  0.000000	  0.000000	  0.000000	  0.000000	  0.000000	  0.000000	  0.000000	  0.000000	  0.000000	  0.000000	5.386486e+16	-1.716018e+17
-220.9584	        13	3.838765e+12	      306.07	      255.55	  273.34	488.293608	  250.16	     9.2e+12	  -1.447e+13	  -9.188e+11	  0.856662	  0.557487	  0.968483	 -0.248394	  0.018451	  0.131878	  0.574209	  0.808018	  0.211301	  0.780119	 -0.588869	1.201133e+17	-3.103498e+17
312.0839	        22	6.496372e+12	      183.83	      116.58	  299.20	423.171639	  245.24	  -5.631e+12	  -2.301e+13	  -4.206e+13	  0.954586	  0.737201	  0.328927	  0.107930	  0.938167	  0.902846	 -0.327239	 -0.278897	  0.276904	  0.938758	 -0.205082	1.953593e+17	-4.511776e+17
-164.4980	         5	1.476448e+12	      285.30	      285.30	  196.47	500.160882	  178.86	  -1.061e+13	    3.61e+12	   3.365e+12	  0.000000	  0.000000	  0.000000	  0.000000	  0.000000	  0.000000	  0.000000	  0.000000	  0.000000	  0.000000	  0.000000	2.361756e+16	-9.641509e+16
-199.8228	         8	2.362317e+12	      254.66	      216.01	  225.48	481.007067	  169.36	  -2.291e+12	  -1.313e+12	  -1.509e+12	  0.000000	  0.000000	  0.000000	  0.000000	  0.000000	  0.000000	  0.000000	  0.000000	  0.000000	  0.000000	  0.000000	3.388024e+16	-1.494656e+17
-242.7333	        15	4.429344e+12	      266.39	      281.18	  280.14	453.808223	  256.69	  -5.746e+13	  -3.931e+11	  -1.185e+13	  0.554931	  0.410406	  0.143015	 -0.281441	  0.948861	  0.305101	  0.924563	  0.228248	  0.941520	 -0.256856	 -0.218095	1.459253e+17	-2.616171e+17
294.9086	        20	5.905793e+12	      198.05	      111.92	  293.47	415.063132	  248.69	  -7.273e+13	       4e+12	   4.807e+12	  0.554378	  0.356739	  0.146311	 -0.278524	  0.949220	  0.377976	  0.902481	  0.206549	  0.914181	 -0.328561	 -0.237318	1.826290e+17	-3.340397e+17
