#r(1)	npart(2)	M_in_r(3)	ovdens(4)	dens(5)	vcirc(6)	vesc(7)	sigv(8)	Lx(9)	Ly(10)	Lz(11)	b(12)	c(13)	Eax(14)	Eay(15)	Eaz(16)	Ebx(17)	Eby(18)	Ebz(19)	Ecx(20)	Ecy(21)	Ecz(22)	Ekin(23)	Epot(24)	
-81.0569	         4	1.181159e+12	     1907.67	     1907.67	  250.34	1334.576795	  388.08	  -1.003e+13	     5.1e+12	  -1.497e+13	  0.000000	  0.000000	  0.000000	  0.000000	  0.000000	  0.000000	  0.000000	  0.000000	  0.000000	  0.000000	  0.000000	8.894615e+16	-5.336292e+17
-102.0137	         6	1.771738e+12	     1435.45	      960.12	  273.30	1322.716111	  409.95	  -1.822e+13	   3.749e+12	   2.275e+12	  0.000000	  0.000000	  0.000000	  0.000000	  0.000000	  0.000000	  0.000000	  0.000000	  0.000000	  0.000000	  0.000000	1.488815e+17	-7.936584e+17
-128.3889	        12	3.543476e+12	     1440.16	     1444.90	  344.52	1305.383182	  428.69	  -2.042e+13	  -1.176e+13	    1.73e+13	  0.768290	  0.578808	  0.786465	  0.609443	  0.100257	 -0.580647	  0.784891	 -0.216320	 -0.210525	  0.111914	  0.971161	3.256031e+17	-1.556731e+18
-161.5833	        21	6.201082e+12	     1264.28	     1087.23	  406.26	1276.885986	  503.98	  -3.119e+13	  -7.364e+13	  -8.582e+12	  0.722238	  0.620833	  0.737059	  0.675751	 -0.010225	 -0.608688	  0.657185	 -0.444529	 -0.293671	  0.333869	  0.895706	7.875281e+17	-2.667009e+18
-203.3599	        33	9.744558e+12	      996.62	      727.20	  453.96	1245.323364	  543.95	  -4.424e+13	  -1.562e+14	  -9.804e+11	  0.852285	  0.654993	  0.662206	  0.738423	  0.127336	  0.659318	 -0.654941	  0.369259	 -0.356067	  0.160571	  0.920561	1.441613e+18	-4.079521e+18
255.9377	        53	1.565035e+13	      802.94	      607.99	  512.82	1200.567977	  553.05	  -1.199e+14	   -1.13e+14	  -8.556e+13	  0.802335	  0.734005	  0.834928	  0.439761	  0.330916	 -0.490545	  0.867242	  0.085189	 -0.249521	 -0.233456	  0.939807	2.393457e+18	-6.296004e+18
322.1092	        80	2.362317e+13	      607.98	      411.74	  561.61	1142.933494	  575.15	    1.47e+12	  -3.488e+14	  -5.478e+13	  0.765573	  0.686952	  0.958700	  0.008424	  0.284295	 -0.260788	  0.424949	  0.866838	  0.113508	  0.905178	 -0.409596	3.907227e+18	-9.027669e+18
405.3891	       109	3.218657e+13	      415.55	      221.85	  584.34	1077.086694	  589.01	   -5.17e+14	  -5.394e+14	  -1.636e+14	  0.926937	  0.711083	  0.948124	 -0.041026	  0.315243	 -0.266748	  0.436772	  0.859113	  0.172935	  0.898636	 -0.403170	5.583340e+18	-1.164637e+19
510.2006	       161	4.754163e+13	      307.90	      199.55	  633.04	994.099145	  601.45	  -5.705e+14	  -4.833e+14	  -1.216e+14	  0.903543	  0.585101	 -0.408738	  0.320037	  0.854698	  0.906295	  0.031990	  0.421434	  0.107533	  0.946865	 -0.303123	8.598829e+18	-1.574912e+19
642.1606	       204	6.023908e+13	      195.66	       82.74	  635.16	898.289307	  601.54	  -1.304e+15	  -5.672e+14	   2.779e+14	  0.985604	  0.583608	 -0.507624	  0.318885	  0.800394	  0.861107	  0.157036	  0.483565	  0.028511	  0.934694	 -0.354309	1.089869e+19	-1.857093e+19
-96.1915	         6	1.771738e+12	     1712.19	     1712.19	  281.45	1120.862670	  320.87	   1.567e+13	   1.223e+13	  -2.264e+13	  0.000000	  0.000000	  0.000000	  0.000000	  0.000000	  0.000000	  0.000000	  0.000000	  0.000000	  0.000000	  0.000000	9.120747e+16	-5.691594e+17
-119.5188	        10	2.952896e+12	     1487.66	     1243.13	  325.97	1107.761195	  322.36	    9.67e+12	  -4.765e+12	  -2.537e+12	  0.000000	  0.000000	  0.000000	  0.000000	  0.000000	  0.000000	  0.000000	  0.000000	  0.000000	  0.000000	  0.000000	1.534269e+17	-9.355790e+17
-148.5031	        18	5.315213e+12	     1395.98	     1296.13	  392.34	1071.933252	  366.27	    2.49e+13	  -4.757e+13	  -2.326e+12	  0.920029	  0.694615	  0.429191	  0.649941	  0.627194	 -0.523689	  0.744835	 -0.413487	  0.735898	  0.150990	 -0.660043	3.565272e+17	-1.645729e+18
-184.5164	        26	7.677530e+12	     1051.19	      675.69	  423.02	1044.074979	  352.78	   2.769e+13	  -1.213e+13	   -2.92e+12	  0.884970	  0.654714	  0.801643	  0.249046	  0.543456	 -0.232781	  0.967380	 -0.099944	 -0.550619	 -0.046387	  0.833467	4.777424e+17	-2.310086e+18
229.2633	        38	1.122101e+13	      800.93	      528.37	  458.79	1006.106265	  416.00	  -2.861e+13	   1.707e+13	   3.086e+12	  0.711257	  0.617355	  0.841793	  0.387126	  0.376188	 -0.358876	  0.921944	 -0.145695	 -0.403227	 -0.012360	  0.915017	9.709104e+17	-3.231723e+18
284.8616	        55	1.624093e+13	      604.33	      390.22	  495.17	955.414905	  478.60	  -4.374e+13	   4.814e+13	  -9.379e+12	  0.601581	  0.550238	  0.737343	  0.363755	  0.569216	 -0.621534	  0.695395	  0.360725	 -0.264614	 -0.619765	  0.738831	1.860089e+18	-4.442404e+18
353.9431	        70	2.067027e+13	      400.97	      179.50	  501.16	899.343838	  477.70	    9.28e+12	   1.392e+14	   -7.03e+13	  0.658217	  0.565019	  0.712514	  0.531678	  0.457867	 -0.362723	 -0.279488	  0.888998	 -0.600629	  0.799503	  0.006287	2.358438e+18	-5.393798e+18
439.7773	        98	2.893838e+13	      292.64	      174.67	  531.97	825.691931	  482.89	  -1.972e+14	   1.912e+14	  -1.857e+14	  0.710235	  0.572241	  0.675058	  0.608667	  0.416918	  0.162611	 -0.673966	  0.720643	  0.719621	 -0.418681	 -0.553942	3.374031e+18	-6.927971e+18
546.4772	       123	3.632062e+13	      191.43	       81.26	  534.64	756.123073	  511.27	  -5.258e+13	  -2.465e+13	  -2.594e+14	  0.694893	  0.544826	  0.630797	  0.598466	  0.493895	  0.362852	 -0.790132	  0.493994	  0.685881	 -0.132399	 -0.715568	4.747106e+18	-8.094434e+18
-85.3694	         5	1.476448e+12	     2041.15	     2041.15	  272.72	1120.783281	  313.74	  -7.636e+12	  -1.036e+13	  -1.334e+13	  0.000000	  0.000000	  0.000000	  0.000000	  0.000000	  0.000000	  0.000000	  0.000000	  0.000000	  0.000000	  0.000000	7.266349e+16	-4.755903e+17
-107.1147	        11	3.248186e+12	     2273.31	     2511.33	  361.13	1091.448565	  434.86	   8.576e+12	   8.251e+12	  -4.736e+13	  0.830038	  0.796032	  0.850621	  0.207994	  0.482890	 -0.364167	  0.895528	  0.255759	 -0.379245	 -0.393406	  0.837499	3.071207e+17	-1.018426e+18
-134.3989	        15	4.429344e+12	     1569.34	      847.57	  376.48	1072.023078	  525.86	   3.719e+13	  -4.623e+13	  -4.785e+13	  0.923050	  0.671313	  0.716715	  0.455928	 -0.527683	  0.692638	 -0.377434	  0.614652	 -0.081071	  0.806023	  0.586305	6.124113e+17	-1.365129e+18
-168.6329	        21	6.201082e+12	     1112.26	      643.61	  397.68	1046.451546	  510.57	    4.97e+13	  -6.399e+13	   -4.04e+13	  0.848897	  0.697627	  0.870785	  0.481130	  0.101227	 -0.039801	 -0.136229	  0.989877	 -0.490050	  0.866000	  0.099477	8.082663e+17	-1.854547e+18
-211.5870	        32	9.449268e+12	      858.02	      597.35	  438.25	1003.583750	  508.04	  -2.974e+12	  -5.193e+13	  -1.184e+14	  0.760872	  0.645308	  0.573327	  0.705879	  0.415969	 -0.505850	 -0.094421	  0.857438	  0.644524	 -0.702011	  0.302934	1.219452e+18	-2.719999e+18
265.4823	        48	1.417390e+13	      651.55	      439.86	  479.17	956.194130	  500.70	  -4.157e+13	  -7.392e+13	  -9.906e+13	  0.812987	  0.702394	  0.353248	  0.615331	  0.704686	 -0.375250	 -0.596803	  0.709235	  0.856973	 -0.514970	  0.020083	1.776698e+18	-3.843313e+18
333.1058	        72	2.126085e+13	      494.76	      334.01	  523.92	886.823124	  526.33	   5.085e+13	   -7.24e+13	    1.38e+14	  0.879592	  0.746564	  0.156043	  0.541771	  0.825915	  0.971493	  0.066902	 -0.227433	 -0.178472	  0.837860	 -0.515887	2.944931e+18	-5.360017e+18
417.9543	        97	2.864309e+13	      337.44	      176.14	  542.89	816.530040	  517.02	   3.109e+13	  -1.406e+14	   2.334e+14	  0.928337	  0.739641	  0.881755	  0.283589	 -0.376941	  0.188994	  0.519763	  0.833143	 -0.432191	  0.805868	 -0.404707	3.828310e+18	-6.695453e+18
524.4654	       113	3.336773e+13	      198.95	       57.04	  523.08	739.788463	  510.50	   -1.14e+14	   -1.23e+14	    1.89e+14	  0.859849	  0.752171	  0.943542	  0.310685	 -0.114907	 -0.018366	  0.395418	  0.918317	 -0.330743	  0.864361	 -0.378800	4.348011e+18	-7.421910e+18
-163.5127	         9	2.657607e+12	      522.88	      522.88	  264.38	994.256124	  459.95	   -3.27e+12	   3.519e+13	  -2.766e+12	  0.000000	  0.000000	  0.000000	  0.000000	  0.000000	  0.000000	  0.000000	  0.000000	  0.000000	  0.000000	  0.000000	2.811128e+17	-6.669307e+17
-189.1393	        14	4.134055e+12	      525.53	      530.36	  306.59	982.602015	  549.12	  -7.825e+12	  -2.598e+12	   1.356e+13	  0.850086	  0.636025	  0.712723	 -0.696912	 -0.079622	 -0.089224	 -0.202662	  0.975175	  0.695748	  0.687926	  0.206623	6.232726e+17	-1.027724e+18
-218.7824	        25	7.382241e+12	      606.34	      753.88	  380.94	961.434252	  563.14	   7.224e+13	  -1.152e+13	   1.589e+13	  0.947110	  0.844120	  0.208963	  0.663699	  0.718218	 -0.513030	  0.699653	 -0.497279	  0.832547	  0.264555	 -0.486699	1.170544e+18	-1.801413e+18
253.0712	        32	9.449268e+12	      501.46	      309.97	  400.72	937.808470	  558.68	   3.573e+13	   6.132e+12	   7.206e+13	  0.909405	  0.801078	  0.201447	  0.938345	 -0.280940	  0.481476	  0.154915	  0.862660	  0.852995	 -0.309047	 -0.420584	1.474655e+18	-2.263015e+18
292.7340	        50	1.476448e+13	      506.25	      514.99	  465.74	907.583081	  525.24	  -2.791e+13	  -5.831e+13	  -1.192e+14	  0.949498	  0.721339	  0.823866	 -0.432954	  0.365781	  0.528232	  0.820474	 -0.218616	 -0.205463	  0.373328	  0.904661	2.036557e+18	-3.397097e+18
338.6130	        63	1.860325e+13	      412.14	      240.31	  486.08	873.126768	  521.93	  -7.613e+13	  -6.758e+13	  -8.347e+13	  0.942718	  0.786643	  0.066763	 -0.800938	  0.595014	  0.974899	 -0.074584	 -0.209783	  0.212401	  0.594084	  0.775854	2.533906e+18	-4.154250e+18
391.6824	        77	2.273730e+13	      325.46	      167.21	  499.65	832.665048	  530.85	   2.582e+13	  -1.523e+14	  -2.507e+14	  0.854845	  0.681053	  0.350819	  0.769969	 -0.532986	  0.926729	 -0.367227	  0.079478	  0.134532	  0.521816	  0.842383	3.203678e+18	-4.897537e+18
453.0692	        96	2.834780e+13	      262.17	      146.62	  518.73	781.145795	  541.23	   1.494e+13	  -2.548e+14	  -2.886e+14	  0.780962	  0.622788	  0.249629	  0.774092	 -0.581779	  0.964875	 -0.249631	  0.081858	  0.081864	  0.581778	  0.809217	4.152021e+18	-5.821014e+18
524.1268	       112	3.307244e+13	      197.57	       79.71	  520.93	736.745673	  535.49	  -2.563e+14	  -4.076e+14	  -5.535e+14	  0.812854	  0.563748	  0.128538	  0.754686	 -0.643372	  0.975781	 -0.212039	 -0.053776	  0.177004	  0.620877	  0.763663	4.741813e+18	-6.498047e+18
-156.0526	         6	1.771738e+12	      401.01	      401.01	  220.97	888.577729	  330.04	  -8.824e+12	  -4.405e+12	   -2.78e+13	  0.000000	  0.000000	  0.000000	  0.000000	  0.000000	  0.000000	  0.000000	  0.000000	  0.000000	  0.000000	  0.000000	9.649240e+16	-3.537442e+17
-183.5407	        10	2.952896e+12	      410.79	      426.38	  263.04	878.019985	  351.65	   2.174e+13	   1.719e+13	  -3.327e+13	  0.000000	  0.000000	  0.000000	  0.000000	  0.000000	  0.000000	  0.000000	  0.000000	  0.000000	  0.000000	  0.000000	1.825761e+17	-5.833888e+17
-215.8709	        22	6.496372e+12	      555.46	      786.21	  359.75	855.737043	  422.22	   5.156e+13	   9.601e+13	  -5.539e+13	  0.736551	  0.510661	 -0.490042	 -0.049339	  0.870301	  0.522513	 -0.815778	  0.247964	  0.697738	  0.576257	  0.425546	5.790630e+17	-1.255638e+18
253.8958	        26	7.677530e+12	      403.48	      161.08	  360.62	832.498860	  417.86	   2.831e+13	   1.349e+14	   -6.17e+13	  0.627272	  0.529926	 -0.513876	 -0.066516	  0.855282	  0.634496	 -0.700466	  0.326746	  0.577362	  0.710580	  0.402157	6.702638e+17	-1.465917e+18
298.6188	        37	1.092572e+13	      352.91	      272.26	  396.67	807.539667	  453.42	  -4.466e+13	   2.121e+14	  -1.064e+14	  0.734173	  0.643815	 -0.416494	  0.015078	  0.909013	  0.758060	 -0.546197	  0.356390	  0.501874	  0.837521	  0.216058	1.123096e+18	-2.009871e+18
351.2195	        47	1.387861e+13	      275.53	      152.13	  412.24	774.969082	  439.38	   3.911e+13	   2.546e+14	   -2.35e+14	  0.796019	  0.739699	 -0.156023	 -0.016548	  0.987615	  0.819466	 -0.560410	  0.120069	  0.551482	  0.828050	  0.100997	1.339661e+18	-2.476213e+18
413.0857	        71	2.096556e+13	      255.83	      224.40	  467.20	732.154413	  449.19	  -1.295e+13	   5.686e+14	  -4.399e+14	  0.778764	  0.706681	 -0.122630	  0.245616	  0.961579	  0.507655	  0.848067	 -0.151881	  0.852788	 -0.469526	  0.228687	2.115108e+18	-3.484598e+18
485.8994	        89	2.628078e+13	      197.04	      103.36	  482.30	682.103409	  458.93	   1.354e+14	   7.445e+14	  -7.413e+14	  0.788645	  0.751798	 -0.123467	  0.169144	  0.977827	  0.944559	  0.322135	  0.063544	 -0.304244	  0.931461	 -0.199540	2.767629e+18	-4.145271e+18
-122.7450	         5	1.476448e+12	      686.71	      686.71	  227.44	817.981336	  224.38	  -5.446e+12	   4.381e+12	  -1.014e+13	  0.000000	  0.000000	  0.000000	  0.000000	  0.000000	  0.000000	  0.000000	  0.000000	  0.000000	  0.000000	  0.000000	3.716611e+16	-2.576425e+17
-148.0855	         6	1.771738e+12	      469.27	      181.67	  226.84	813.961725	  325.16	   -1.39e+13	   5.772e+12	   4.629e+12	  0.000000	  0.000000	  0.000000	  0.000000	  0.000000	  0.000000	  0.000000	  0.000000	  0.000000	  0.000000	  0.000000	9.366373e+16	-3.065524e+17
-178.6576	         7	2.067027e+12	      311.78	      103.45	  223.06	806.095077	  310.01	  -1.576e+13	   -4.27e+12	   6.263e+12	  0.000000	  0.000000	  0.000000	  0.000000	  0.000000	  0.000000	  0.000000	  0.000000	  0.000000	  0.000000	  0.000000	9.933018e+16	-3.545214e+17
-215.5413	        12	3.543476e+12	      304.37	      294.57	  265.90	792.120023	  354.29	   2.548e+13	  -4.346e+13	   7.203e+13	  0.633733	  0.311739	 -0.316785	  0.788923	  0.526543	  0.936099	  0.170580	  0.307605	  0.152859	  0.590341	 -0.792548	2.223874e+17	-5.888982e+17
260.0395	        23	6.791662e+12	      332.22	      369.05	  335.15	771.738416	  416.08	  -2.872e+13	  -8.295e+13	   1.144e+14	  0.651938	  0.556213	  0.281926	  0.812237	  0.510675	  0.946430	 -0.322781	 -0.009104	 -0.157441	 -0.485885	  0.859726	5.878870e+17	-1.082244e+18
313.7244	        36	1.063043e+13	      296.12	      248.38	  381.74	737.929375	  366.88	  -5.978e+13	  -6.871e+13	   9.769e+13	  0.895724	  0.580943	  0.356023	  0.771049	  0.527950	 -0.896798	  0.123101	  0.424971	  0.262682	 -0.624763	  0.735302	7.154451e+17	-1.636993e+18
378.4924	        57	1.683151e+13	      267.00	      228.49	  437.32	694.474053	  383.25	  -5.037e+13	  -2.608e+14	   3.443e+14	  0.846620	  0.542612	  0.015246	  0.875459	  0.483052	 -0.820458	 -0.265176	  0.506488	  0.571503	 -0.404046	  0.714235	1.236107e+18	-2.423152e+18
456.6818	        74	2.185143e+13	      197.33	      105.25	  453.63	641.562353	  419.03	  -3.604e+14	  -2.955e+14	   7.351e+14	  0.799757	  0.684785	 -0.012774	  0.902515	  0.430469	 -0.794011	 -0.270824	  0.544243	  0.607769	 -0.334845	  0.720067	1.918401e+18	-2.976805e+18
-103.7248	         6	1.771738e+12	     1365.58	     1365.58	  271.04	886.970431	  294.16	   1.626e+13	  -1.062e+12	    -4.9e+12	  0.000000	  0.000000	  0.000000	  0.000000	  0.000000	  0.000000	  0.000000	  0.000000	  0.000000	  0.000000	  0.000000	7.665526e+16	-3.584752e+17
-131.4769	        13	3.838765e+12	     1452.80	     1536.95	  354.35	861.274366	  343.83	   6.314e+12	  -1.629e+13	   1.959e+13	  0.915133	  0.681936	  0.316371	  0.948531	  0.014072	  0.826166	 -0.282787	  0.487321	 -0.466218	  0.142549	  0.873109	2.269060e+17	-7.501379e+17
-166.6543	        20	5.905793e+12	     1097.47	      754.68	  390.39	818.507858	  343.70	   1.063e+12	  -1.807e+13	   1.933e+13	  0.830057	  0.720831	  0.505207	  0.856081	 -0.109046	  0.596551	 -0.255119	  0.760948	  0.623613	 -0.449487	 -0.639584	3.488316e+17	-1.118914e+18
-211.2435	        31	9.153979e+12	      835.26	      582.31	  431.70	759.100922	  375.28	   5.082e+13	  -4.049e+13	  -1.309e+13	  0.909684	  0.674986	  0.160445	  0.888241	  0.430448	  0.937629	 -0.273412	  0.214703	 -0.308397	 -0.369153	  0.876708	6.445835e+17	-1.625484e+18
267.7629	        36	1.063043e+13	      476.28	      129.97	  413.21	712.948155	  375.38	   2.225e+13	  -4.082e+13	  -6.681e+13	  0.832372	  0.623622	  0.720948	  0.617129	  0.315257	 -0.681461	  0.713980	  0.160757	 -0.125879	 -0.330733	  0.935292	7.489775e+17	-1.822401e+18
339.4043	        47	1.387861e+13	      305.32	      140.40	  419.35	656.063873	  375.81	  -6.765e+13	   2.588e+13	  -4.001e+13	  0.811027	  0.669522	  0.672154	  0.713887	  0.196403	  0.623106	 -0.688681	  0.370753	 -0.399934	  0.126823	  0.907727	9.800785e+17	-2.193174e+18
430.2638	        59	1.742209e+13	      188.13	       75.15	  417.30	590.187336	  374.62	  -4.207e+13	   1.035e+14	  -9.833e+13	  0.777412	  0.648986	  0.391058	  0.920253	  0.014420	  0.767958	 -0.334896	  0.545971	 -0.507261	  0.202432	  0.837680	1.222525e+18	-2.543520e+18
-128.8418	         7	2.067027e+12	      831.27	      831.27	  262.67	754.511527	  331.31	  -2.716e+13	  -3.089e+12	  -1.297e+13	  0.000000	  0.000000	  0.000000	  0.000000	  0.000000	  0.000000	  0.000000	  0.000000	  0.000000	  0.000000	  0.000000	1.134482e+17	-3.070423e+17
-156.0833	         9	2.657607e+12	      601.15	      305.33	  270.60	735.877224	  317.18	  -2.949e+13	   4.592e+12	  -2.975e+13	  0.000000	  0.000000	  0.000000	  0.000000	  0.000000	  0.000000	  0.000000	  0.000000	  0.000000	  0.000000	  0.000000	1.336822e+17	-3.883589e+17
-189.0845	        12	3.543476e+12	      450.84	      257.61	  283.89	718.960141	  342.85	  -2.185e+13	   3.636e+12	  -3.521e+13	  0.744117	  0.594939	  0.960185	 -0.035201	 -0.277137	  0.269827	 -0.140129	  0.952658	  0.072370	  0.989507	  0.125052	2.082553e+17	-5.057792e+17
-229.0633	        21	6.201082e+12	      443.78	      434.69	  341.21	678.880168	  324.63	  -4.052e+13	   3.948e+13	  -7.185e+13	  0.747605	  0.653241	  0.938138	 -0.307091	 -0.159976	 -0.105198	 -0.692945	  0.713274	  0.329895	  0.652320	  0.682384	3.267427e+17	-8.353590e+17
277.4950	        24	7.086951e+12	      285.27	       81.50	  331.41	664.316118	  347.85	  -1.022e+14	   3.021e+13	  -5.006e+13	  0.779495	  0.750072	  0.862007	 -0.233153	 -0.450094	  0.336962	  0.926914	  0.165189	  0.378684	 -0.294058	  0.877570	4.287604e+17	-9.352091e+17
336.1668	        39	1.151630e+13	      260.74	      229.21	  383.84	625.965149	  380.15	  -1.849e+14	   4.169e+13	  -1.621e+14	  0.614715	  0.518670	  0.981822	 -0.042008	 -0.185097	  0.041610	  0.999116	 -0.006036	  0.185187	 -0.001775	  0.982702	8.321515e+17	-1.402236e+18
407.2938	        53	1.565035e+13	      199.23	      120.23	  406.51	574.932369	  399.51	  -2.579e+14	   8.367e+13	   -2.63e+14	  0.661562	  0.607167	  0.953222	 -0.100839	 -0.284956	  0.183984	 -0.554416	  0.811648	  0.239830	  0.826108	  0.509929	1.248944e+18	-1.784924e+18
-105.6305	         7	2.067027e+12	     1508.49	     1508.49	  290.10	772.059424	  266.88	  -7.025e+12	   1.575e+10	  -9.008e+12	  0.000000	  0.000000	  0.000000	  0.000000	  0.000000	  0.000000	  0.000000	  0.000000	  0.000000	  0.000000	  0.000000	7.361220e+16	-3.268594e+17
-138.5351	         9	2.657607e+12	      859.76	      343.19	  287.23	741.054004	  292.95	   4.586e+12	   1.764e+12	  -1.152e+12	  0.000000	  0.000000	  0.000000	  0.000000	  0.000000	  0.000000	  0.000000	  0.000000	  0.000000	  0.000000	  0.000000	1.140376e+17	-4.086870e+17
-181.6897	        14	4.134055e+12	      592.86	      380.33	  312.82	703.674990	  301.39	     6.1e+12	  -6.824e+12	    1.78e+12	  0.612319	  0.465771	  0.454168	 -0.403245	  0.794434	  0.364729	  0.897712	  0.247156	 -0.812837	  0.177503	  0.554787	1.877635e+17	-6.009029e+17
-238.2872	        23	6.791662e+12	      431.76	      303.48	  350.11	673.579426	  305.67	   1.348e+13	  -3.055e+13	   2.016e+13	  0.654699	  0.521419	  0.318007	 -0.301335	  0.898927	  0.725290	 -0.533311	 -0.435355	  0.610595	  0.790429	  0.048958	3.172814e+17	-9.136601e+17
312.5152	        39	1.151630e+13	      324.54	      239.16	  398.10	611.195677	  308.69	   6.925e+13	   1.484e+13	   -1.48e+13	  0.801547	  0.729565	 -0.158389	  0.709462	 -0.686714	  0.918937	  0.360345	  0.160330	 -0.361202	  0.605653	  0.709026	5.486815e+17	-1.404610e+18
409.9158	        47	1.387861e+13	      173.31	       52.97	  381.59	539.677322	  319.09	   1.142e+13	   3.835e+11	   8.415e+13	  0.811836	  0.747059	  0.469710	 -0.463978	  0.751064	  0.857643	  0.038091	 -0.512832	  0.209334	  0.885028	  0.415819	7.065361e+17	-1.605175e+18
-108.8708	         5	1.476448e+12	      984.12	      984.12	  241.50	738.866312	  242.40	   1.359e+12	  -2.974e+12	  -5.729e+12	  0.000000	  0.000000	  0.000000	  0.000000	  0.000000	  0.000000	  0.000000	  0.000000	  0.000000	  0.000000	  0.000000	4.337796e+16	-2.133013e+17
-140.4439	         8	2.362317e+12	      733.49	      514.92	  268.96	717.499050	  251.22	   1.493e+12	  -1.035e+12	    -5.8e+12	  0.000000	  0.000000	  0.000000	  0.000000	  0.000000	  0.000000	  0.000000	  0.000000	  0.000000	  0.000000	  0.000000	7.454480e+16	-3.288093e+17
-181.1734	        11	3.248186e+12	      469.81	      239.87	  277.68	691.712934	  319.75	   1.169e+13	  -1.425e+13	  -2.527e+13	  0.526530	  0.435628	  0.958860	 -0.123893	  0.255418	  0.182952	  0.957661	 -0.222292	 -0.217063	  0.259876	  0.940929	1.660424e+17	-4.381854e+17
-233.7145	        22	6.496372e+12	      437.70	      409.70	  345.75	655.339667	  325.33	   1.229e+13	  -1.563e+13	   6.108e+12	  0.855333	  0.654845	  0.850393	  0.390632	  0.352475	 -0.333858	  0.918396	 -0.212339	 -0.406658	  0.062895	  0.911413	3.437951e+17	-8.059674e+17
301.4929	        34	1.003985e+13	      315.11	      208.20	  378.44	582.101660	  343.79	  -7.602e+12	  -5.582e+13	  -2.716e+13	  0.927164	  0.774458	 -0.711190	  0.218618	 -0.668143	  0.397394	  0.909017	 -0.125565	 -0.579903	  0.354817	  0.733361	5.932998e+17	-1.150417e+18
388.9773	        45	1.328803e+13	      194.20	       88.84	  383.30	542.098406	  333.07	   8.587e+12	  -3.883e+13	   4.712e+13	  0.882503	  0.614581	 -0.673843	  0.310196	 -0.670607	  0.489632	  0.867181	 -0.090871	 -0.553350	  0.389583	  0.736226	7.370403e+17	-1.406144e+18
-103.9651	         4	1.181159e+12	      904.08	      904.08	  221.04	670.889379	  182.81	  -5.334e+12	   6.972e+12	    -5.7e+12	  0.000000	  0.000000	  0.000000	  0.000000	  0.000000	  0.000000	  0.000000	  0.000000	  0.000000	  0.000000	  0.000000	1.973696e+16	-1.443433e+17
-134.1423	         5	1.476448e+12	      526.12	      196.88	  217.57	665.787508	  292.91	  -7.846e+12	  -1.466e+13	  -6.474e+12	  0.000000	  0.000000	  0.000000	  0.000000	  0.000000	  0.000000	  0.000000	  0.000000	  0.000000	  0.000000	  0.000000	6.333628e+16	-1.770668e+17
-173.0787	        11	3.248186e+12	      538.86	      549.95	  284.10	635.415289	  255.16	  -4.767e+12	  -3.314e+13	   1.821e+13	  0.808284	  0.354421	 -0.045312	  0.412581	  0.909793	  0.727502	  0.637762	 -0.252985	  0.684608	 -0.650413	  0.329052	1.057430e+17	-3.644886e+17
-223.3170	        18	5.315213e+12	      410.51	      298.70	  319.94	594.762916	  293.84	   -3.54e+13	  -1.603e+13	   1.334e+13	  0.910213	  0.674342	  0.797073	 -0.206770	 -0.567381	  0.510293	  0.733033	  0.449736	  0.322917	 -0.648003	  0.689794	2.294680e+17	-5.630407e+17
288.1374	        27	7.972820e+12	      286.67	      178.79	  344.96	560.186540	  288.62	  -2.447e+12	   1.352e+12	   1.941e+12	  0.881818	  0.763757	  0.919326	 -0.391163	  0.042798	  0.373455	  0.833055	 -0.408106	  0.123982	  0.391165	  0.911931	3.320732e+17	-7.869126e+17
371.8229	        37	1.092572e+13	      182.81	       92.42	  355.49	502.768537	  309.04	  -2.454e+13	   2.377e+13	  -2.973e+13	  0.812243	  0.704775	  0.692539	 -0.184016	  0.697515	 -0.070700	  0.944949	  0.319489	 -0.717907	 -0.270573	  0.641404	5.217482e+17	-9.979427e+17
-152.6663	         7	2.067027e+12	      499.67	      499.67	  241.31	627.648106	  236.61	   7.795e+11	   1.895e+12	   2.077e+12	  0.000000	  0.000000	  0.000000	  0.000000	  0.000000	  0.000000	  0.000000	  0.000000	  0.000000	  0.000000	  0.000000	5.786103e+16	-2.138864e+17
-182.2956	        10	2.952896e+12	      419.26	      304.81	  263.94	609.872759	  289.88	   1.633e+13	  -1.318e+13	   1.489e+13	  0.000000	  0.000000	  0.000000	  0.000000	  0.000000	  0.000000	  0.000000	  0.000000	  0.000000	  0.000000	  0.000000	1.240660e+17	-2.980807e+17
-217.6754	        14	4.134055e+12	      344.76	      238.71	  285.79	592.276601	  267.54	   1.179e+13	  -3.326e+13	   1.181e+13	  0.903056	  0.558075	  0.023056	  0.416329	  0.908921	  0.957782	 -0.269806	  0.099289	  0.286569	  0.868259	 -0.404973	1.479559e+17	-4.037528e+17
259.9216	        19	5.610503e+12	      274.81	      175.26	  304.68	562.800086	  302.54	    1.39e+13	  -6.124e+13	  -1.208e+13	  0.803841	  0.703123	  0.003710	 -0.322315	  0.946625	  0.994028	 -0.102051	 -0.038643	  0.109059	  0.941116	  0.320011	2.567640e+17	-5.275534e+17
310.3669	        30	8.858689e+12	      254.86	      226.47	  350.36	513.750736	  310.60	  -3.394e+13	    -7.4e+13	  -2.668e+13	  0.778582	  0.605645	 -0.145686	 -0.532523	  0.833784	  0.960018	  0.127537	  0.249198	 -0.239042	  0.836752	  0.492651	4.273086e+17	-7.691563e+17
370.6526	        35	1.033514e+13	      174.57	       60.40	  346.29	489.762865	  307.52	  -7.954e+13	  -8.925e+13	  -5.605e+13	  0.667001	  0.543134	 -0.331855	 -0.415875	  0.846711	  0.940011	 -0.221017	  0.259867	  0.079065	  0.882156	  0.464273	4.886798e+17	-8.639379e+17
-122.3482	         5	1.476448e+12	      693.41	      693.41	  227.81	632.961652	  169.48	   1.237e+13	  -6.988e+12	  -3.288e+12	  0.000000	  0.000000	  0.000000	  0.000000	  0.000000	  0.000000	  0.000000	  0.000000	  0.000000	  0.000000	  0.000000	2.120364e+16	-1.596023e+17
-159.5658	         7	2.067027e+12	      437.61	      227.66	  236.03	604.464628	  213.75	    -3.2e+12	   1.321e+12	   7.944e+12	  0.000000	  0.000000	  0.000000	  0.000000	  0.000000	  0.000000	  0.000000	  0.000000	  0.000000	  0.000000	  0.000000	4.722199e+16	-2.148241e+17
-208.1048	        10	2.952896e+12	      281.82	      153.94	  247.03	591.243253	  281.20	   1.799e+13	   2.063e+13	   1.941e+13	  0.000000	  0.000000	  0.000000	  0.000000	  0.000000	  0.000000	  0.000000	  0.000000	  0.000000	  0.000000	  0.000000	1.167449e+17	-2.930249e+17
271.4092	        23	6.791662e+12	      292.19	      300.71	  328.05	548.849397	  293.17	   -2.67e+13	   2.483e+12	  -1.533e+12	  0.675333	  0.593752	  0.318171	 -0.597333	  0.736180	  0.590424	  0.732404	  0.339093	 -0.741732	  0.326768	  0.585710	2.918709e+17	-6.064994e+17
354.0203	        34	1.003985e+13	      194.63	      114.61	  349.23	493.926279	  301.49	  -8.538e+13	  -2.974e+13	    4.29e+10	  0.590102	  0.537474	  0.456369	 -0.534502	  0.711361	  0.852080	  0.492802	 -0.176365	 -0.256293	  0.686625	  0.680339	4.562898e+17	-8.323247e+17
-137.0614	         7	2.067027e+12	      690.50	      690.50	  254.67	647.358028	  208.56	  -1.413e+13	   6.741e+12	   2.946e+12	  0.000000	  0.000000	  0.000000	  0.000000	  0.000000	  0.000000	  0.000000	  0.000000	  0.000000	  0.000000	  0.000000	4.495501e+16	-2.352713e+17
-175.8781	        11	3.248186e+12	      513.53	      354.53	  281.83	621.236248	  251.92	    -1.9e+13	  -7.648e+11	  -9.237e+12	  0.744572	  0.570831	 -0.110160	  0.959345	 -0.259852	  0.992688	  0.119179	  0.019160	 -0.049350	  0.255841	  0.965458	1.030749e+17	-3.528125e+17
-225.6880	        18	5.315213e+12	      397.70	      293.63	  318.25	589.114996	  239.39	  -3.296e+13	   8.244e+12	  -3.584e+13	  0.966171	  0.783581	  0.627915	 -0.729844	  0.270278	 -0.412704	 -0.017817	  0.910691	  0.659847	  0.683381	  0.312398	1.522966e+17	-5.386739e+17
289.6043	        27	7.972820e+12	      282.33	      178.67	  344.09	541.291439	  282.26	  -1.258e+14	   2.574e+12	  -5.873e+13	  0.683249	  0.631063	 -0.199993	  0.979770	 -0.007336	  0.698345	  0.137288	 -0.702472	  0.687254	  0.145613	  0.711674	3.176020e+17	-7.476782e+17
371.6721	        34	1.003985e+13	      168.19	       65.72	  340.84	482.052952	  297.16	  -9.775e+13	   2.451e+13	  -9.821e+13	  0.822474	  0.673391	 -0.315837	  0.888584	 -0.332665	 -0.103875	  0.316121	  0.943015	  0.943110	  0.332394	 -0.007541	4.432780e+17	-8.854233e+17
-112.2341	         5	1.476448e+12	      898.27	      898.27	  237.86	639.619691	  185.11	  -1.019e+13	   3.474e+12	  -8.701e+12	  0.000000	  0.000000	  0.000000	  0.000000	  0.000000	  0.000000	  0.000000	  0.000000	  0.000000	  0.000000	  0.000000	2.529557e+16	-1.587008e+17
-149.8283	        10	2.952896e+12	      755.14	      651.36	  291.13	598.015660	  261.37	  -4.629e+12	  -8.515e+12	  -1.303e+13	  0.000000	  0.000000	  0.000000	  0.000000	  0.000000	  0.000000	  0.000000	  0.000000	  0.000000	  0.000000	  0.000000	1.008662e+17	-3.003599e+17
-200.0153	        14	4.134055e+12	      444.38	      219.03	  298.14	563.301725	  286.19	   1.637e+13	  -2.026e+13	   4.259e+12	  0.851596	  0.342590	 -0.493043	  0.807401	  0.324056	  0.643562	  0.589114	 -0.488643	  0.585437	  0.032372	  0.810071	1.693051e+17	-4.001817e+17
267.0129	        20	5.905793e+12	      266.84	      138.10	  308.42	519.505246	  268.30	   5.347e+12	  -3.766e+13	   1.584e+13	  0.895818	  0.425462	 -0.236837	  0.966923	  0.094700	  0.927528	  0.254038	 -0.274148	  0.289138	 -0.022908	  0.957013	2.125717e+17	-5.251779e+17
356.5023	        30	8.858689e+12	      168.17	       96.67	  326.90	462.344840	  292.19	   3.999e+13	  -2.297e+13	   3.506e+13	  0.885509	  0.521782	 -0.138949	  0.974533	  0.176006	 -0.639148	 -0.224008	  0.735738	  0.756428	 -0.010264	  0.653997	3.781567e+17	-7.076045e+17
-157.9521	         5	1.476448e+12	      322.26	      322.26	  200.50	582.969555	  337.41	   2.967e+12	  -4.447e+11	  -7.039e+12	  0.000000	  0.000000	  0.000000	  0.000000	  0.000000	  0.000000	  0.000000	  0.000000	  0.000000	  0.000000	  0.000000	8.404296e+16	-1.327744e+17
-192.4525	        11	3.248186e+12	      391.95	      478.12	  269.42	556.836714	  282.08	  -3.135e+12	  -8.178e+12	  -6.075e+11	  0.892957	  0.555742	  0.385045	 -0.445640	 -0.808174	  0.918407	  0.098737	  0.383119	  0.090937	  0.889751	 -0.447296	1.292262e+17	-2.787494e+17
-234.4886	        16	4.724634e+12	      315.19	      220.27	  294.37	534.638149	  263.23	  -7.004e+12	  -2.883e+13	   3.194e+13	  0.938287	  0.550399	 -0.254740	  0.271950	  0.927982	  0.959685	  0.188989	  0.208058	 -0.118797	  0.943571	 -0.309130	1.636805e+17	-3.877323e+17
285.7063	        25	7.382241e+12	      272.27	      219.20	  333.35	482.569854	  242.52	   1.031e+12	  -3.051e+13	    1.66e+13	  0.792154	  0.587185	  0.730581	  0.500808	  0.464159	 -0.514165	 -0.043821	  0.856571	 -0.449317	  0.864448	 -0.225483	2.170883e+17	-5.653234e+17
348.1611	        28	8.268110e+12	      168.51	       40.36	  319.58	451.987193	  240.52	   5.739e+12	  -2.956e+13	   2.681e+13	  0.845942	  0.674412	  0.662492	  0.604188	  0.442787	 -0.533422	 -0.034479	  0.845146	 -0.525894	  0.796095	 -0.299445	2.391531e+17	-6.135856e+17
-115.1953	         4	1.181159e+12	      664.61	      664.61	  209.99	597.014211	  244.94	  -1.923e+12	  -1.319e+11	  -9.069e+12	  0.000000	  0.000000	  0.000000	  0.000000	  0.000000	  0.000000	  0.000000	  0.000000	  0.000000	  0.000000	  0.000000	3.543172e+16	-1.242513e+17
-149.5289	         7	2.067027e+12	      531.78	      419.89	  243.82	574.998164	  218.97	  -7.683e+12	  -4.823e+11	  -4.336e+12	  0.000000	  0.000000	  0.000000	  0.000000	  0.000000	  0.000000	  0.000000	  0.000000	  0.000000	  0.000000	  0.000000	4.955373e+16	-1.995949e+17
-194.0956	        12	3.543476e+12	      416.82	      319.97	  280.20	539.550865	  211.48	  -4.029e+12	  -6.497e+12	  -3.528e+12	  0.576991	  0.350580	 -0.664582	 -0.099998	  0.740494	  0.625862	  0.466885	  0.624752	 -0.408199	  0.878646	 -0.247698	7.923812e+16	-3.121769e+17
251.9451	        20	5.905793e+12	      317.63	      234.08	  317.51	501.540320	  208.32	   2.488e+13	  -2.115e+13	   2.664e+12	  0.684197	  0.467301	 -0.292818	 -0.465044	  0.835459	  0.956144	 -0.148624	  0.252388	  0.006798	  0.872723	  0.488169	1.281443e+17	-4.718784e+17
327.0866	        26	7.677530e+12	      188.71	       80.20	  317.72	449.360182	  213.78	    5.87e+12	  -1.754e+12	   5.133e+12	  0.808133	  0.661157	 -0.297110	 -0.331103	  0.895598	 -0.593572	  0.798745	  0.098382	  0.747929	  0.502372	  0.433849	1.754384e+17	-5.723766e+17
-147.8624	         8	2.362317e+12	      628.53	      628.53	  262.12	531.140156	  255.78	   1.872e+13	   1.695e+13	  -1.865e+13	  0.000000	  0.000000	  0.000000	  0.000000	  0.000000	  0.000000	  0.000000	  0.000000	  0.000000	  0.000000	  0.000000	7.727328e+16	-1.911805e+17
-191.2437	        13	3.838765e+12	      472.06	      337.59	  293.81	504.427699	  263.33	   3.886e+13	   1.927e+13	   -1.19e+13	  0.916197	  0.741013	 -0.601652	  0.680050	 -0.418983	  0.575388	  0.732818	  0.363188	 -0.554024	  0.022565	  0.832195	1.330977e+17	-2.906613e+17
-247.3526	        16	4.724634e+12	      268.52	       93.62	  286.61	471.458406	  281.45	   5.471e+13	    3.32e+13	  -3.659e+13	  0.802825	  0.645419	 -0.439302	  0.716549	 -0.541822	 -0.035422	  0.588851	  0.807465	  0.897641	  0.373914	 -0.233302	1.871331e+17	-3.412690e+17
319.9733	        23	6.791662e+12	      178.32	      100.87	  302.13	427.313919	  255.91	   5.335e+13	   2.168e+13	  -4.785e+13	  0.540008	  0.455476	  0.701964	 -0.459606	  0.544066	  0.066645	  0.802947	  0.592313	  0.709087	  0.379523	 -0.594271	2.223896e+17	-4.439669e+17
-131.3859	         5	1.476448e+12	      559.93	      559.93	  219.84	532.111745	  260.44	  -1.271e+13	   6.062e+12	  -6.466e+12	  0.000000	  0.000000	  0.000000	  0.000000	  0.000000	  0.000000	  0.000000	  0.000000	  0.000000	  0.000000	  0.000000	5.007206e+16	-1.134854e+17
-174.0247	         8	2.362317e+12	      385.54	      253.80	  241.62	511.090568	  274.25	  -1.725e+13	  -3.404e+12	  -1.842e+13	  0.000000	  0.000000	  0.000000	  0.000000	  0.000000	  0.000000	  0.000000	  0.000000	  0.000000	  0.000000	  0.000000	8.884114e+16	-1.724933e+17
-230.5011	        15	4.429344e+12	      311.09	      254.85	  287.48	471.220960	  285.74	  -2.738e+13	  -5.202e+12	  -2.066e+13	  0.849131	  0.503189	 -0.151745	 -0.279805	  0.947989	  0.976320	  0.107179	  0.187914	 -0.154184	  0.954056	  0.256915	1.808191e+17	-2.952445e+17
305.3558	        21	6.201082e+12	      187.33	       93.92	  295.53	417.972964	  302.45	  -6.811e+13	  -1.258e+13	   7.362e+12	  0.843770	  0.741979	 -0.269779	 -0.616275	  0.739881	  0.898649	 -0.437152	 -0.036451	  0.345905	  0.655060	  0.671749	2.836219e+17	-3.826309e+17
-93.1823	         4	1.181159e+12	     1255.66	     1255.66	  233.48	561.760164	  158.96	  -7.487e+11	  -5.292e+11	  -2.645e+12	  0.000000	  0.000000	  0.000000	  0.000000	  0.000000	  0.000000	  0.000000	  0.000000	  0.000000	  0.000000	  0.000000	1.492207e+16	-1.068054e+17
-139.7211	         7	2.067027e+12	      651.82	      397.16	  252.24	500.293678	  148.47	   7.757e+12	   -2.87e+12	  -3.146e+12	  0.000000	  0.000000	  0.000000	  0.000000	  0.000000	  0.000000	  0.000000	  0.000000	  0.000000	  0.000000	  0.000000	2.278296e+16	-1.672529e+17
-209.5030	        10	2.952896e+12	      276.21	      117.81	  246.20	478.917581	  155.85	     3.4e+12	    6.54e+12	  -7.966e+12	  0.000000	  0.000000	  0.000000	  0.000000	  0.000000	  0.000000	  0.000000	  0.000000	  0.000000	  0.000000	  0.000000	3.586337e+16	-2.188876e+17
314.1868	        21	6.201082e+12	      171.98	      128.05	  291.34	412.056080	  211.52	   3.287e+13	  -9.655e+12	  -2.136e+13	  0.922069	  0.755467	 -0.165616	 -0.441728	  0.881730	  0.811059	  0.447619	  0.376590	 -0.561029	  0.777505	  0.284134	1.387248e+17	-3.830968e+17
-149.3581	         8	2.362317e+12	      609.84	      609.84	  260.81	516.388862	  175.94	    7.73e+12	    2.05e+12	  -7.971e+11	  0.000000	  0.000000	  0.000000	  0.000000	  0.000000	  0.000000	  0.000000	  0.000000	  0.000000	  0.000000	  0.000000	3.656390e+16	-1.732002e+17
-189.8021	        10	2.952896e+12	      371.46	      144.90	  258.67	489.869208	  178.85	   4.246e+12	   8.107e+12	   1.066e+13	  0.000000	  0.000000	  0.000000	  0.000000	  0.000000	  0.000000	  0.000000	  0.000000	  0.000000	  0.000000	  0.000000	4.722907e+16	-2.100077e+17
-241.1977	        17	5.019924e+12	      307.71	      247.12	  299.18	439.426109	  250.20	  -5.763e+12	   6.198e+13	   8.197e+12	  0.950807	  0.848959	  0.989365	  0.145174	 -0.008974	 -0.127026	  0.892446	  0.432902	  0.070855	 -0.427158	  0.901396	1.571208e+17	-3.215551e+17
306.5604	        20	5.905793e+12	      176.32	       51.56	  287.84	407.097512	  256.85	   -7.07e+12	   9.267e+13	  -1.648e+13	  0.911821	  0.731430	  0.487646	  0.870711	  0.063744	 -0.623548	  0.296256	  0.723478	  0.611056	 -0.392548	  0.687398	1.948128e+17	-3.613943e+17
