#r(1)	npart(2)	M_in_r(3)	ovdens(4)	dens(5)	vcirc(6)	vesc(7)	sigv(8)	Lx(9)	Ly(10)	Lz(11)	b(12)	c(13)	Eax(14)	Eay(15)	Eaz(16)	Ebx(17)	Eby(18)	Ebz(19)	Ecx(20)	Ecy(21)	Ecz(22)	Ekin(23)	Epot(24)	
-83.9062	         6	1.771738e+12	     2579.77	     2579.77	  301.35	1535.108061	  322.78	   1.892e+13	   1.017e+12	  -3.912e+12	  0.000000	  0.000000	  0.000000	  0.000000	  0.000000	  0.000000	  0.000000	  0.000000	  0.000000	  0.000000	  0.000000	9.229844e+16	-1.052644e+18
-103.7682	         8	2.362317e+12	     1818.48	      964.56	  312.90	1521.688392	  425.93	   2.804e+13	   2.392e+13	  -4.558e+12	  0.000000	  0.000000	  0.000000	  0.000000	  0.000000	  0.000000	  0.000000	  0.000000	  0.000000	  0.000000	  0.000000	2.142766e+17	-1.395649e+18
-128.3317	        19	5.610503e+12	     2283.30	     2804.68	  433.61	1496.161399	  487.63	   3.867e+13	   2.173e+13	   1.974e+12	  0.817653	  0.671794	  0.590270	  0.132900	  0.796190	  0.781783	 -0.339719	 -0.522883	  0.200990	  0.931090	 -0.304425	6.670495e+17	-3.253174e+18
-158.7099	        28	8.268110e+12	     1778.93	     1213.18	  473.33	1475.474447	  544.78	   2.246e+13	   3.553e+13	   1.368e+13	  0.822222	  0.723737	  0.845136	 -0.107486	  0.523634	 -0.212930	  0.830814	  0.514206	 -0.490313	 -0.546071	  0.679264	1.226930e+18	-4.716301e+18
-196.2790	        47	1.387861e+13	     1578.66	     1354.02	  551.45	1435.415561	  579.80	   1.463e+14	   7.388e+13	  -2.832e+13	  0.699201	  0.611432	  0.477816	 -0.007819	  0.878425	  0.409093	 -0.882931	 -0.230383	  0.777390	  0.469438	 -0.418680	2.332744e+18	-7.690390e+18
242.7413	        73	2.155614e+13	     1296.29	      979.57	  617.99	1386.891861	  649.39	   3.166e+14	    2.45e+14	  -4.844e+13	  0.709049	  0.622134	  0.414330	 -0.016697	  0.909973	  0.286592	 -0.946574	 -0.147860	  0.863826	  0.322054	 -0.387409	4.545239e+18	-1.148322e+19
300.2020	        92	2.716665e+13	      863.69	      378.45	  623.85	1325.616301	  678.09	   3.272e+14	   3.236e+14	  -1.395e+14	  0.757479	  0.693267	  0.216773	  0.073511	  0.973450	  0.822177	 -0.551377	 -0.141449	  0.526340	  0.831011	 -0.179963	6.245777e+18	-1.406912e+19
371.2646	       139	4.104526e+13	      689.88	      494.93	  689.54	1253.733325	  689.18	   3.398e+14	   5.907e+14	  -1.325e+14	  0.816426	  0.657533	  0.155097	  0.404704	  0.901199	 -0.507813	  0.815151	 -0.278667	  0.847390	  0.414421	 -0.331941	9.747726e+18	-1.980014e+19
459.1488	       168	4.960866e+13	      440.82	      161.45	  681.66	1173.682675	  696.00	   4.463e+14	   1.024e+15	   -1.92e+14	  0.799373	  0.681482	  0.067205	  0.207070	  0.976015	 -0.372293	  0.912780	 -0.168020	  0.925679	  0.352072	 -0.138435	1.201576e+19	-2.296205e+19
567.8365	       209	6.171553e+13	      289.93	      120.67	  683.68	1085.573159	  730.68	  -4.102e+14	   2.099e+15	   3.922e+13	  0.897316	  0.726757	 -0.047604	  0.298074	  0.953355	 -0.211804	  0.929721	 -0.301260	  0.976152	  0.216266	 -0.018875	1.647472e+19	-2.681608e+19
702.3024	       271	8.002349e+13	      198.71	       96.43	  700.03	990.020306	  722.08	   -1.76e+15	    3.49e+15	   4.851e+14	  0.936110	  0.665699	  0.230113	 -0.198410	  0.952723	 -0.050120	  0.975280	  0.215214	  0.971872	  0.097274	 -0.214480	2.086206e+19	-3.168805e+19
-85.2736	         6	1.771738e+12	     2457.64	     2457.64	  298.92	1156.605009	  356.79	   8.963e+11	    -2.6e+11	   6.351e+12	  0.000000	  0.000000	  0.000000	  0.000000	  0.000000	  0.000000	  0.000000	  0.000000	  0.000000	  0.000000	  0.000000	1.127699e+17	-6.122333e+17
-107.9283	        10	2.952896e+12	     2020.26	     1594.58	  343.02	1141.873900	  380.78	  -1.073e+13	  -1.445e+13	  -3.621e+11	  0.000000	  0.000000	  0.000000	  0.000000	  0.000000	  0.000000	  0.000000	  0.000000	  0.000000	  0.000000	  0.000000	2.140769e+17	-1.001041e+18
-136.6015	        15	4.429344e+12	     1494.64	      983.09	  373.43	1116.099490	  479.46	  -1.328e+13	  -2.245e+12	  -1.743e+13	  0.845830	  0.454387	 -0.560541	  0.780221	 -0.277576	  0.741617	  0.323792	 -0.587505	  0.368507	  0.535176	  0.760124	5.091114e+17	-1.467345e+18
-172.8925	        20	5.905793e+12	      982.91	      484.88	  383.28	1085.201359	  497.91	  -3.964e+13	  -1.349e+13	  -2.966e+13	  0.728384	  0.440035	  0.724667	 -0.689097	  0.001465	  0.541153	  0.567767	 -0.620318	  0.426628	  0.450317	  0.784349	7.320760e+17	-1.912105e+18
-218.8248	        34	1.003985e+13	      824.14	      669.62	  444.20	1048.653855	  545.09	   5.199e+13	   -8.12e+12	     1.1e+14	  0.795532	  0.555803	 -0.626972	  0.757785	  0.180741	  0.613909	  0.623423	 -0.484210	  0.479605	  0.192628	  0.856080	1.491550e+18	-3.087076e+18
276.9599	        51	1.505977e+13	      609.72	      401.04	  483.58	996.010522	  574.28	   2.209e+14	  -7.174e+13	    2.89e+14	  0.831618	  0.550087	 -0.734358	  0.490375	  0.469308	  0.453712	  0.868888	 -0.197936	  0.504840	 -0.067575	  0.860564	2.483294e+18	-4.415754e+18
350.5398	        71	2.096556e+13	      418.66	      232.71	  507.17	939.914700	  560.17	   3.829e+14	  -2.536e+14	   2.148e+14	  0.765123	  0.710872	  0.803492	 -0.132539	 -0.580373	  0.444422	  0.782195	  0.436647	  0.396092	 -0.608773	  0.687391	3.289445e+18	-5.773602e+18
443.6676	       106	3.130070e+13	      308.28	      200.86	  550.83	869.568828	  546.76	   4.372e+14	  -5.385e+14	   1.161e+14	  0.893119	  0.695012	  0.736594	 -0.310269	 -0.600968	  0.428196	 -0.473867	  0.769480	  0.523525	  0.824126	  0.216191	4.678686e+18	-7.863028e+18
561.5867	       136	4.015939e+13	      195.03	       84.87	  554.56	784.307655	  529.84	   5.741e+14	  -5.553e+14	   4.335e+14	  0.859664	  0.618981	  0.847184	 -0.456952	 -0.271063	  0.126187	 -0.322535	  0.938109	  0.516097	  0.828955	  0.215585	5.636990e+18	-9.373346e+18
-121.9566	         7	2.067027e+12	      980.15	      980.15	  269.98	1126.683075	  301.10	  -1.136e+13	   2.496e+13	   1.789e+13	  0.000000	  0.000000	  0.000000	  0.000000	  0.000000	  0.000000	  0.000000	  0.000000	  0.000000	  0.000000	  0.000000	9.369685e+16	-6.691589e+17
-147.1954	        15	4.429344e+12	     1194.60	     1477.43	  359.74	1108.304408	  413.63	  -1.769e+12	   5.867e+13	   4.343e+13	  0.764721	  0.607931	  0.783340	 -0.141542	 -0.605263	  0.476027	 -0.489562	  0.730566	  0.399720	  0.860404	  0.316116	3.789160e+17	-1.408307e+18
-177.6573	        23	6.791662e+12	     1041.82	      840.31	  405.47	1081.800221	  442.15	   8.578e+12	   3.605e+13	  -5.849e+12	  0.796979	  0.694664	  0.955909	 -0.109038	 -0.272668	  0.286286	  0.139227	  0.947975	  0.065403	  0.984239	 -0.164304	6.638760e+17	-2.120633e+18
-214.4233	        35	1.033514e+13	      901.70	      716.91	  455.29	1052.093261	  505.69	   7.117e+11	   1.144e+14	   3.355e+13	  0.778779	  0.655146	  0.891225	  0.400758	 -0.212392	 -0.441034	  0.656426	 -0.612041	 -0.105861	  0.639138	  0.761772	1.321442e+18	-3.122025e+18
258.7980	        53	1.565035e+13	      776.61	      611.63	  509.97	1010.388131	  516.69	     8.5e+13	   1.163e+14	  -1.528e+13	  0.880704	  0.692310	  0.300149	  0.881057	 -0.365580	  0.952565	 -0.256636	  0.163576	 -0.050299	  0.397336	  0.916294	2.089084e+18	-4.535381e+18
312.3560	        66	1.948912e+13	      550.06	      251.24	  518.01	957.705234	  537.04	  -6.577e+13	   8.465e+13	   -5.07e+13	  0.915553	  0.744725	  0.024595	  0.909975	 -0.413932	  0.970464	  0.077666	  0.228402	 -0.239988	  0.407324	  0.881188	2.810498e+18	-5.476653e+18
376.9977	        90	2.657607e+13	      426.62	      263.81	  550.61	903.722821	  548.98	  -8.469e+13	   7.428e+13	  -2.218e+13	  0.827553	  0.601369	  0.963284	  0.045191	  0.264654	 -0.007522	  0.989888	 -0.141651	 -0.268380	  0.134460	  0.953883	4.004681e+18	-7.004966e+18
455.0170	       107	3.159599e+13	      288.48	      106.28	  546.47	834.523835	  554.61	  -2.886e+14	   2.844e+13	  -5.591e+13	  0.763778	  0.601161	  0.925228	  0.208610	  0.316915	 -0.180904	  0.976776	 -0.114818	 -0.333507	  0.048901	  0.941479	4.859268e+18	-7.957531e+18
549.2322	       128	3.779707e+13	      196.22	       74.63	  544.02	769.401130	  558.24	  -5.184e+14	  -2.071e+13	  -1.414e+14	  0.830616	  0.569953	  0.898916	  0.387085	  0.205221	 -0.311931	  0.894372	 -0.320620	 -0.307651	  0.224195	  0.924709	5.889461e+18	-8.957890e+18
-88.9847	         8	2.362317e+12	     2883.74	     2883.74	  337.89	1154.742761	  439.94	  -1.775e+13	  -4.741e+12	  -8.756e+11	  0.000000	  0.000000	  0.000000	  0.000000	  0.000000	  0.000000	  0.000000	  0.000000	  0.000000	  0.000000	  0.000000	2.286145e+17	-8.270307e+17
-110.9869	        12	3.543476e+12	     2229.35	     1533.42	  370.55	1134.038820	  428.43	  -2.336e+13	  -1.801e+13	  -9.314e+12	  0.972261	  0.671692	  0.352762	  0.885220	 -0.303223	  0.859438	 -0.434673	 -0.269122	  0.370035	  0.165665	  0.914128	3.252116e+17	-1.212408e+18
-138.4292	        20	5.905793e+12	     1914.96	     1580.60	  428.34	1103.174095	  489.32	   1.991e+13	   3.056e+13	  -3.145e+13	  0.884090	  0.631624	  0.975372	 -0.219290	  0.023698	 -0.123992	 -0.456275	  0.881158	  0.182417	  0.862395	  0.472228	7.070175e+17	-1.952306e+18
-172.6569	        34	1.003985e+13	     1677.80	     1425.58	  500.08	1043.401101	  477.75	  -1.398e+13	   3.188e+13	   9.032e+12	  0.856984	  0.672842	  0.567004	 -0.205490	  0.797672	  0.439048	 -0.743965	 -0.503740	  0.696953	  0.635838	 -0.331611	1.145754e+18	-3.152881e+18
215.3477	        45	1.328803e+13	     1144.47	      577.28	  515.14	1004.114612	  505.44	  -2.065e+13	   5.527e+13	  -2.233e+13	  0.924838	  0.726404	  0.042854	  0.949772	  0.309995	  0.766128	 -0.230392	  0.599972	 -0.641257	 -0.211785	  0.737521	1.697347e+18	-4.001503e+18
268.5941	        56	1.653622e+13	      734.02	      297.52	  514.56	950.106912	  520.12	   4.281e+11	   1.875e+14	  -4.158e+13	  0.893405	  0.655708	 -0.207722	  0.933845	  0.291177	  0.890622	  0.057452	  0.451101	 -0.404530	 -0.353033	  0.843637	2.236703e+18	-4.784047e+18
335.0061	        70	2.067027e+13	      472.88	      195.16	  515.13	879.727246	  524.14	   2.799e+12	   2.128e+14	   3.274e+13	  0.778943	  0.602207	 -0.427022	  0.903074	 -0.045928	  0.825320	  0.410002	  0.388260	 -0.369458	 -0.127890	  0.920405	2.839297e+18	-5.656836e+18
417.8389	        94	2.775723e+13	      327.28	      172.42	  534.50	813.543196	  548.56	   4.309e+13	   5.549e+13	  -1.323e+14	  0.755516	  0.626108	 -0.228406	  0.945935	  0.230301	  0.838727	  0.071074	  0.539895	 -0.494337	 -0.316475	  0.809614	4.176346e+18	-6.937065e+18
521.2029	       111	3.277715e+13	      199.12	       62.91	  520.05	735.503924	  547.35	  -1.335e+14	     1.1e+14	  -2.049e+14	  0.777345	  0.685174	 -0.139027	  0.961387	  0.237501	  0.965012	  0.077683	  0.250434	 -0.222314	 -0.264009	  0.938550	4.909953e+18	-7.683902e+18
-88.6309	         4	1.181159e+12	     1459.20	     1459.20	  239.40	814.798479	  115.46	  -3.983e+12	  -5.063e+11	   3.536e+11	  0.000000	  0.000000	  0.000000	  0.000000	  0.000000	  0.000000	  0.000000	  0.000000	  0.000000	  0.000000	  0.000000	7.872554e+15	-2.085050e+17
-115.4605	         5	1.476448e+12	      825.05	      301.30	  234.51	795.786506	  213.12	  -9.697e+11	   5.477e+12	   2.264e+12	  0.000000	  0.000000	  0.000000	  0.000000	  0.000000	  0.000000	  0.000000	  0.000000	  0.000000	  0.000000	  0.000000	3.353128e+16	-2.552550e+17
-150.4118	         9	2.657607e+12	      671.75	      545.14	  275.66	783.831901	  216.15	  -1.649e+12	   1.161e+13	   2.102e+12	  0.000000	  0.000000	  0.000000	  0.000000	  0.000000	  0.000000	  0.000000	  0.000000	  0.000000	  0.000000	  0.000000	6.208269e+16	-4.385978e+17
-195.9432	        15	4.429344e+12	      506.42	      369.87	  311.80	755.046923	  313.76	   3.048e+13	   1.512e+13	   3.492e+13	  0.698282	  0.328016	 -0.640158	  0.090698	  0.762871	  0.767864	  0.106740	  0.631658	 -0.024139	  0.990142	 -0.137974	2.180259e+17	-7.001081e+17
255.2575	        25	7.382241e+12	      381.78	      278.84	  352.67	714.210704	  364.48	   6.396e+13	   4.065e+13	   5.839e+13	  0.837617	  0.795325	  0.887666	 -0.210791	 -0.409410	 -0.015337	  0.875051	 -0.483787	  0.460233	  0.435721	  0.773520	4.903600e+17	-1.099196e+18
332.5269	        40	1.181159e+13	      276.31	      189.19	  390.85	661.883322	  378.23	  -1.769e+13	   8.824e+13	   2.289e+13	  0.754684	  0.623601	  0.801900	 -0.430796	 -0.413970	  0.401151	  0.901701	 -0.161284	  0.442758	 -0.036731	  0.895888	8.448812e+17	-1.625403e+18
433.2366	        60	1.771738e+13	      187.41	      114.03	  419.38	593.122209	  382.51	  -1.622e+14	   5.579e+13	  -6.838e+13	  0.654810	  0.555491	  0.820900	 -0.356585	 -0.446060	  0.286533	  0.932843	 -0.218408	  0.493986	  0.051480	  0.867945	1.296146e+18	-2.212713e+18
-109.2279	         6	1.771738e+12	     1169.40	     1169.40	  264.12	779.939451	  243.67	   7.177e+12	   1.458e+12	   1.412e+12	  0.000000	  0.000000	  0.000000	  0.000000	  0.000000	  0.000000	  0.000000	  0.000000	  0.000000	  0.000000	  0.000000	5.259682e+16	-3.072463e+17
-137.0129	         8	2.362317e+12	      789.98	      400.32	  272.30	765.972289	  321.84	   9.119e+12	  -4.139e+12	   5.202e+12	  0.000000	  0.000000	  0.000000	  0.000000	  0.000000	  0.000000	  0.000000	  0.000000	  0.000000	  0.000000	  0.000000	1.223457e+17	-3.947680e+17
-171.8658	        10	2.952896e+12	      500.32	      202.83	  271.83	746.463757	  338.37	  -1.155e+13	  -1.397e+13	    2.45e+12	  0.000000	  0.000000	  0.000000	  0.000000	  0.000000	  0.000000	  0.000000	  0.000000	  0.000000	  0.000000	  0.000000	1.690487e+17	-4.776986e+17
-215.5844	        15	4.429344e+12	      380.23	      256.91	  297.25	721.198747	  405.93	  -8.083e+13	  -2.138e+13	  -3.517e+13	  0.575495	  0.522720	 -0.130011	  0.722493	  0.679045	  0.945807	  0.295905	 -0.133752	  0.297568	 -0.624856	  0.721809	3.649347e+17	-6.744436e+17
270.4240	        24	7.086951e+12	      308.24	      234.30	  335.72	691.849942	  423.79	  -1.471e+14	  -1.081e+14	   3.146e+13	  0.640895	  0.431226	 -0.110938	  0.375242	  0.920264	 -0.557758	  0.742894	 -0.370156	  0.822557	  0.554349	 -0.126879	6.364045e+17	-1.004414e+18
339.2135	        39	1.151630e+13	      253.78	      197.85	  382.11	647.793987	  425.31	  -1.558e+14	  -1.776e+14	   1.461e+14	  0.741868	  0.606323	 -0.492983	  0.412056	  0.766275	  0.864400	  0.131856	  0.485208	  0.098895	  0.901567	 -0.421184	1.041583e+18	-1.500399e+18
425.5515	        58	1.712680e+13	      191.15	      126.88	  416.03	588.395739	  401.05	  -2.701e+14	  -3.061e+14	    2.08e+14	  0.642248	  0.582998	 -0.455558	  0.536306	  0.710523	 -0.744163	  0.208613	 -0.634588	  0.488558	  0.817836	 -0.304064	1.377318e+18	-2.050170e+18
-82.7668	         5	1.476448e+12	     2239.83	     2239.83	  276.98	820.482784	  302.45	    7.09e+12	  -8.052e+12	  -2.973e+12	  0.000000	  0.000000	  0.000000	  0.000000	  0.000000	  0.000000	  0.000000	  0.000000	  0.000000	  0.000000	  0.000000	6.753057e+16	-2.617930e+17
-108.3398	         6	1.771738e+12	     1198.39	      360.44	  265.20	799.448983	  280.38	   9.278e+12	  -4.654e+12	  -1.895e+12	  0.000000	  0.000000	  0.000000	  0.000000	  0.000000	  0.000000	  0.000000	  0.000000	  0.000000	  0.000000	  0.000000	6.964118e+16	-3.089743e+17
-141.8142	         9	2.657607e+12	      801.48	      482.12	  283.89	779.200476	  324.28	    1.79e+13	    7.99e+10	  -5.443e+12	  0.000000	  0.000000	  0.000000	  0.000000	  0.000000	  0.000000	  0.000000	  0.000000	  0.000000	  0.000000	  0.000000	1.397319e+17	-4.467368e+17
-185.6315	        18	5.315213e+12	      714.71	      644.89	  350.91	746.703875	  345.14	   4.875e+13	  -2.069e+13	   3.566e+13	  0.827056	  0.546198	 -0.222785	  0.402352	  0.887964	  0.940712	  0.327720	  0.087524	 -0.255788	  0.854817	 -0.451508	3.165720e+17	-8.319393e+17
242.9873	        25	7.382241e+12	      442.59	      223.64	  361.47	700.176622	  365.31	   8.184e+13	  -5.782e+13	   2.504e+13	  0.892215	  0.526879	  0.504986	  0.560663	  0.656236	 -0.697193	 -0.183252	  0.693066	 -0.508833	  0.807512	 -0.298351	4.925800e+17	-1.108041e+18
318.0648	        38	1.122101e+13	      299.95	      185.18	  389.52	640.677884	  364.43	   4.832e+13	  -3.964e+13	   6.026e+13	  0.721293	  0.499996	  0.332661	  0.438935	  0.834670	  0.708414	  0.467909	 -0.528404	 -0.622485	  0.767071	 -0.155292	7.451193e+17	-1.540485e+18
416.3893	        54	1.594564e+13	      189.98	      101.55	  405.82	573.956821	  366.26	   5.812e+12	  -1.662e+13	   4.557e+13	  0.787222	  0.498328	  0.402431	  0.338762	  0.850464	  0.645618	  0.553609	 -0.526017	 -0.649020	  0.760761	  0.004078	1.069517e+18	-1.976233e+18
-141.1672	         7	2.067027e+12	      631.99	      631.99	  250.94	756.053286	  257.85	  -3.311e+12	   2.852e+12	   1.164e+13	  0.000000	  0.000000	  0.000000	  0.000000	  0.000000	  0.000000	  0.000000	  0.000000	  0.000000	  0.000000	  0.000000	6.871241e+16	-3.038337e+17
-169.2669	        12	3.543476e+12	      628.46	      623.58	  300.05	739.219849	  277.42	  -9.577e+12	   2.359e+13	   1.801e+13	  0.827230	  0.740468	 -0.002119	  0.983082	  0.183152	  0.824153	  0.105448	 -0.556465	  0.566364	 -0.149766	  0.810433	1.363593e+17	-5.103834e+17
-202.9600	        19	5.610503e+12	      577.21	      506.42	  344.80	706.803191	  335.31	   2.801e+13	   5.223e+13	   2.491e+13	  0.750226	  0.704056	  0.876408	 -0.378949	 -0.297165	  0.046689	 -0.547306	  0.835630	  0.479301	  0.746227	  0.461970	3.153948e+17	-7.796759e+17
243.3597	        24	7.086951e+12	      422.94	      209.83	  353.89	682.157916	  322.15	   2.412e+13	   4.829e+13	   1.575e+13	  0.754813	  0.726895	  0.796141	 -0.499158	 -0.342053	  0.041927	 -0.518410	  0.854103	  0.603657	  0.694328	  0.391800	3.677445e+17	-9.573559e+17
291.8011	        32	9.449268e+12	      327.12	      194.75	  373.18	649.117872	  346.16	   5.547e+13	   5.349e+13	  -6.554e+13	  0.850775	  0.694462	 -0.147749	  0.440440	  0.885541	  0.959755	 -0.152364	  0.235912	  0.238830	  0.884759	 -0.400203	5.661339e+17	-1.215175e+18
349.8850	        43	1.269745e+13	      254.98	      155.33	  395.06	602.965703	  368.49	  -3.254e+13	   5.955e+13	   1.987e+11	  0.906487	  0.764267	 -0.208856	  0.269261	  0.940148	  0.849017	 -0.427174	  0.310954	  0.485335	  0.863146	 -0.139389	8.620799e+17	-1.536153e+18
419.5805	        52	1.535506e+13	      178.80	       73.66	  396.72	561.081513	  384.06	  -1.097e+14	   8.264e+13	    9.73e+12	  0.832449	  0.747500	 -0.006763	  0.081031	  0.996689	 -0.292552	  0.952943	 -0.079459	  0.956226	  0.292121	 -0.017261	1.132474e+18	-1.761199e+18
-71.0804	         4	1.181159e+12	     2828.93	     2828.93	  267.33	772.882673	  141.67	  -2.049e+11	   2.502e+12	   4.048e+12	  0.000000	  0.000000	  0.000000	  0.000000	  0.000000	  0.000000	  0.000000	  0.000000	  0.000000	  0.000000	  0.000000	1.185254e+16	-2.056534e+17
-100.3087	         5	1.476448e+12	     1258.25	      390.65	  251.60	761.307960	  174.03	  -4.094e+12	   4.903e+12	    5.23e+12	  0.000000	  0.000000	  0.000000	  0.000000	  0.000000	  0.000000	  0.000000	  0.000000	  0.000000	  0.000000	  0.000000	2.235903e+16	-2.484401e+17
-141.5556	         8	2.362317e+12	      716.34	      417.01	  267.90	742.714651	  170.03	   1.315e+12	  -2.656e+12	   7.602e+11	  0.000000	  0.000000	  0.000000	  0.000000	  0.000000	  0.000000	  0.000000	  0.000000	  0.000000	  0.000000	  0.000000	3.414918e+16	-3.714950e+17
-199.7633	        18	5.315213e+12	      573.51	      494.61	  338.27	702.415523	  309.48	   2.491e+13	   2.154e+13	   2.966e+12	  0.697531	  0.523390	 -0.139819	  0.872545	 -0.468097	  0.872417	  0.332154	  0.358555	  0.468336	 -0.358243	 -0.807665	2.545424e+17	-7.489690e+17
281.9060	        31	9.153979e+12	      351.45	      228.79	  373.70	635.111074	  326.23	   1.099e+14	   1.539e+13	  -9.291e+11	  0.683886	  0.530044	 -0.166542	  0.711256	 -0.682919	  0.468257	  0.666561	  0.580027	  0.867755	 -0.223183	 -0.444061	4.871168e+17	-1.181310e+18
397.8757	        48	1.417390e+13	      193.56	      106.40	  391.42	553.579852	  355.97	    2.14e+14	   1.285e+14	  -4.366e+13	  0.774294	  0.670722	 -0.133853	  0.792222	 -0.595372	  0.429286	  0.587837	  0.685683	  0.893195	 -0.163804	 -0.418773	8.980040e+17	-1.617425e+18
-96.3802	         5	1.476448e+12	     1418.46	     1418.46	  256.67	741.815092	  283.69	   1.936e+12	    4.24e+12	   5.788e+12	  0.000000	  0.000000	  0.000000	  0.000000	  0.000000	  0.000000	  0.000000	  0.000000	  0.000000	  0.000000	  0.000000	5.941381e+16	-2.194669e+17
-128.3559	         7	2.067027e+12	      840.74	      416.58	  263.17	730.458471	  283.54	   1.161e+12	    4.87e+12	   1.543e+13	  0.000000	  0.000000	  0.000000	  0.000000	  0.000000	  0.000000	  0.000000	  0.000000	  0.000000	  0.000000	  0.000000	8.309036e+16	-2.987254e+17
-170.9399	        15	4.429344e+12	      762.73	      705.46	  333.82	686.859966	  342.06	   1.667e+13	  -2.391e+13	  -2.133e+12	  0.836990	  0.768133	 -0.589879	  0.801997	  0.094038	  0.061868	 -0.071228	  0.995540	  0.805118	  0.593066	 -0.007602	2.591251e+17	-5.984982e+17
-227.6519	        20	5.905793e+12	      430.55	      186.67	  334.02	643.623468	  332.34	   2.148e+13	  -2.383e+13	   3.235e+13	  0.845239	  0.603939	 -0.617660	  0.724424	  0.306114	 -0.375159	 -0.613503	  0.694889	  0.691195	  0.314364	  0.650711	3.261426e+17	-7.639091e+17
303.1789	        34	1.003985e+13	      309.88	      221.28	  377.38	589.597569	  340.80	   1.979e+13	  -2.584e+13	  -7.188e+13	  0.860414	  0.691443	 -0.365547	  0.801064	 -0.473996	 -0.870593	 -0.114087	  0.478593	  0.329307	  0.587606	  0.739105	5.830490e+17	-1.152543e+18
403.8132	        43	1.269745e+13	      165.86	       60.19	  367.74	520.088090	  334.10	   1.394e+13	   5.111e+12	  -4.712e+13	  0.877312	  0.720927	  0.895925	 -0.431015	 -0.107444	 -0.158743	 -0.536571	  0.828790	  0.414872	  0.725478	  0.549148	7.086647e+17	-1.359672e+18
-119.4251	         6	1.771738e+12	      894.70	      894.70	  252.59	714.907183	  242.37	   4.906e+12	   8.287e+12	   6.938e+11	  0.000000	  0.000000	  0.000000	  0.000000	  0.000000	  0.000000	  0.000000	  0.000000	  0.000000	  0.000000	  0.000000	5.203783e+16	-2.362464e+17
-150.7878	        10	2.952896e+12	      740.82	      588.90	  290.21	692.109077	  298.65	  -1.454e+12	   9.571e+11	   5.641e+11	  0.000000	  0.000000	  0.000000	  0.000000	  0.000000	  0.000000	  0.000000	  0.000000	  0.000000	  0.000000	  0.000000	1.316890e+17	-3.822822e+17
-190.3867	        13	3.838765e+12	      478.46	      219.43	  294.47	666.429319	  281.15	   1.065e+13	   8.637e+12	  -5.055e+11	  0.830231	  0.658134	  0.190134	 -0.444475	  0.875380	  0.981628	  0.071541	 -0.176886	  0.015996	  0.892930	  0.449912	1.517143e+17	-4.821332e+17
240.3849	        21	6.201082e+12	      383.98	      290.70	  333.08	625.658516	  325.95	   2.765e+13	  -3.367e+13	  -1.632e+13	  0.824168	  0.742247	  0.374333	  0.001042	  0.927294	  0.609843	  0.753039	 -0.247030	 -0.698546	  0.657975	  0.281252	3.294024e+17	-7.300453e+17
303.5132	        30	8.858689e+12	      272.52	      162.48	  354.29	584.273324	  322.17	   9.735e+13	  -9.894e+12	  -2.961e+13	  0.735601	  0.710868	  0.695184	  0.057604	  0.716520	  0.654372	 -0.463271	 -0.597643	  0.297516	  0.884343	 -0.359753	4.597401e+17	-9.744794e+17
383.2699	        42	1.240216e+13	      189.47	      107.54	  373.05	527.602293	  309.09	   1.694e+14	  -1.132e+14	  -9.661e+13	  0.818850	  0.731825	 -0.435678	  0.725740	 -0.532434	  0.762134	  0.612152	  0.210765	  0.478891	 -0.313960	 -0.819812	5.924339e+17	-1.251324e+18
-99.0764	         6	1.771738e+12	     1566.94	     1566.94	  277.32	732.433853	  247.04	   7.561e+12	  -2.672e+12	   9.009e+11	  0.000000	  0.000000	  0.000000	  0.000000	  0.000000	  0.000000	  0.000000	  0.000000	  0.000000	  0.000000	  0.000000	5.406376e+16	-2.574358e+17
-129.3978	         8	2.362317e+12	      937.83	      425.42	  280.20	701.248359	  252.46	   8.351e+12	   5.102e+12	   6.887e+12	  0.000000	  0.000000	  0.000000	  0.000000	  0.000000	  0.000000	  0.000000	  0.000000	  0.000000	  0.000000	  0.000000	7.528382e+16	-3.315624e+17
-168.9987	        13	3.838765e+12	      684.08	      477.40	  312.55	669.365273	  272.23	   1.772e+13	  -2.808e+13	  -5.924e+12	  0.864436	  0.592884	  0.306347	  0.852304	 -0.423946	 -0.378083	  0.517666	  0.767512	  0.873616	 -0.074838	  0.480827	1.422447e+17	-5.056963e+17
-220.7191	        18	5.315213e+12	      425.17	      214.30	  321.82	634.303560	  285.02	   1.618e+11	  -2.247e+11	   1.634e+13	  0.887021	  0.653022	 -0.096355	 -0.358109	  0.928695	  0.325683	  0.870332	  0.369395	  0.940556	 -0.338053	 -0.032769	2.159012e+17	-6.625614e+17
288.2681	        31	9.153979e+12	      328.69	      250.10	  369.55	585.680505	  311.87	   5.539e+13	   -5.49e+13	   3.396e+11	  0.935680	  0.782628	  0.491167	  0.862813	  0.119621	  0.782457	 -0.497369	  0.374680	 -0.382775	  0.090432	  0.919405	4.451823e+17	-1.019534e+18
376.5398	        41	1.210687e+13	      195.06	       86.30	  371.86	525.922084	  317.18	   9.515e+13	   1.527e+13	  -2.355e+13	  0.875214	  0.709508	 -0.041813	  0.882993	  0.467521	  0.830410	 -0.229488	  0.507695	  0.555582	  0.409462	 -0.723650	6.090005e+17	-1.243491e+18
-117.3082	         6	1.771738e+12	      944.01	      944.01	  254.86	643.178912	  217.28	    6.61e+12	  -3.323e+12	  -3.342e+12	  0.000000	  0.000000	  0.000000	  0.000000	  0.000000	  0.000000	  0.000000	  0.000000	  0.000000	  0.000000	  0.000000	4.182136e+16	-2.031752e+17
-153.8965	         8	2.362317e+12	      557.46	      250.16	  256.93	621.101899	  241.70	   1.511e+13	  -1.036e+13	  -1.329e+13	  0.000000	  0.000000	  0.000000	  0.000000	  0.000000	  0.000000	  0.000000	  0.000000	  0.000000	  0.000000	  0.000000	6.900238e+16	-2.610533e+17
-201.8968	        12	3.543476e+12	      370.34	      221.59	  274.74	592.614738	  270.38	    8.21e+12	  -1.785e+13	   1.273e+13	  0.962362	  0.476295	 -0.311711	 -0.598514	  0.737982	 -0.024616	  0.781505	  0.623414	  0.949858	 -0.176159	  0.258336	1.295221e+17	-3.687624e+17
264.8683	        24	7.086951e+12	      328.05	      294.42	  339.22	550.649671	  301.94	  -8.557e+12	   1.943e+13	   5.273e+13	  0.807741	  0.650617	  0.643197	  0.734576	 -0.216092	 -0.372163	  0.546552	  0.750184	  0.669172	 -0.402095	  0.624923	3.230512e+17	-6.553956e+17
347.5305	        33	9.744558e+12	      199.69	       97.72	  347.26	491.131510	  318.28	    -3.2e+12	   1.717e+13	   7.579e+13	  0.809512	  0.679861	  0.394680	  0.918555	  0.022023	  0.792722	 -0.328298	 -0.513626	  0.464564	 -0.220176	  0.857731	4.935600e+17	-8.303522e+17
-129.0867	         6	1.771738e+12	      708.47	      708.47	  242.96	599.107182	  236.51	  -1.668e+13	  -1.073e+12	   9.414e+12	  0.000000	  0.000000	  0.000000	  0.000000	  0.000000	  0.000000	  0.000000	  0.000000	  0.000000	  0.000000	  0.000000	4.955167e+16	-1.669195e+17
-163.7003	         9	2.657607e+12	      521.08	      340.80	  264.23	570.795437	  260.26	   3.006e+12	   5.338e+12	   1.729e+13	  0.000000	  0.000000	  0.000000	  0.000000	  0.000000	  0.000000	  0.000000	  0.000000	  0.000000	  0.000000	  0.000000	9.000925e+16	-2.415276e+17
-207.5951	        10	2.952896e+12	      283.90	       55.70	  247.33	541.289429	  270.49	   1.276e+13	   -1.94e+12	  -9.657e+11	  0.000000	  0.000000	  0.000000	  0.000000	  0.000000	  0.000000	  0.000000	  0.000000	  0.000000	  0.000000	  0.000000	1.080278e+17	-2.631571e+17
263.2601	        16	4.724634e+12	      222.73	      163.88	  277.82	513.261035	  251.07	   6.908e+12	    3.74e+12	   2.314e+11	  0.663935	  0.478595	  0.798841	 -0.582046	 -0.151907	  0.495763	  0.494004	  0.714268	  0.340694	  0.645897	 -0.683187	1.489079e+17	-3.849117e+17
333.9011	        29	8.563399e+12	      197.86	      173.95	  332.11	469.708729	  263.99	  -2.632e+13	  -5.499e+13	  -7.373e+13	  0.677512	  0.513173	 -0.706097	  0.663655	 -0.246960	  0.445572	  0.687464	  0.573462	 -0.550357	 -0.294881	  0.781122	2.984019e+17	-6.188966e+17
-139.9093	         4	1.181159e+12	      370.96	      370.96	  190.55	595.308929	  301.84	   1.985e+13	  -9.014e+12	  -5.072e+11	  0.000000	  0.000000	  0.000000	  0.000000	  0.000000	  0.000000	  0.000000	  0.000000	  0.000000	  0.000000	  0.000000	5.380638e+16	-1.118135e+17
-173.6986	         8	2.362317e+12	      387.72	      406.05	  241.85	576.984660	  308.91	   3.334e+13	  -2.464e+13	   -1.67e+13	  0.000000	  0.000000	  0.000000	  0.000000	  0.000000	  0.000000	  0.000000	  0.000000	  0.000000	  0.000000	  0.000000	1.127104e+17	-2.130877e+17
-215.6483	        16	4.724634e+12	      405.22	      424.39	  306.96	551.398421	  297.12	   3.062e+13	   1.226e+13	   1.277e+13	  0.842843	  0.728827	 -0.352206	  0.884386	  0.306289	  0.010826	 -0.323387	  0.946205	  0.935860	  0.336575	  0.104324	2.085429e+17	-3.998160e+17
267.7292	        23	6.791662e+12	      304.41	      194.05	  330.30	506.745073	  290.71	   9.413e+12	  -5.308e+12	  -1.578e+13	  0.814544	  0.660083	 -0.376146	  0.905827	  0.194912	  0.681463	  0.412986	 -0.604195	  0.627792	  0.094440	  0.772631	2.869922e+17	-5.448822e+17
332.4381	        28	8.268110e+12	      193.57	       72.37	  327.05	462.553934	  287.93	  -4.616e+11	  -9.294e+12	   3.094e+13	  0.806869	  0.668635	  0.747078	 -0.557901	 -0.361414	  0.519367	  0.829233	 -0.206472	  0.414888	 -0.033456	  0.909257	3.427205e+17	-6.315599e+17
-71.4293	         5	1.476448e+12	     3484.60	     3484.60	  298.15	683.008738	  265.73	   7.337e+11	  -3.926e+12	   1.045e+13	  0.000000	  0.000000	  0.000000	  0.000000	  0.000000	  0.000000	  0.000000	  0.000000	  0.000000	  0.000000	  0.000000	5.212710e+16	-2.074152e+17
-104.6568	         7	2.067027e+12	     1550.99	      649.69	  291.44	659.912591	  257.99	  -3.197e+12	  -7.409e+12	   1.387e+13	  0.000000	  0.000000	  0.000000	  0.000000	  0.000000	  0.000000	  0.000000	  0.000000	  0.000000	  0.000000	  0.000000	6.878975e+16	-2.726379e+17
-153.3412	        12	3.543476e+12	      845.31	      516.39	  315.25	604.635139	  265.60	  -1.293e+13	   1.298e+13	   1.441e+12	  0.714383	  0.574465	  0.596349	 -0.040548	  0.801701	  0.545309	  0.753367	 -0.367527	 -0.589072	  0.656349	  0.471381	1.249870e+17	-4.185525e+17
-224.6726	        20	5.905793e+12	      447.91	      262.68	  336.23	526.707031	  284.60	   4.848e+13	    6.24e+12	    2.26e+12	  0.855149	  0.480727	  0.901473	  0.237855	  0.361622	 -0.252683	 -0.389128	  0.885850	 -0.351422	  0.889946	  0.290687	2.391769e+17	-6.077752e+17
329.2360	        27	7.972820e+12	      192.16	       73.02	  322.72	456.422709	  296.22	   2.706e+13	   4.292e+13	   4.563e+13	  0.735705	  0.583039	  0.881736	  0.320958	 -0.345727	  0.426887	 -0.230954	  0.874316	 -0.200771	  0.918502	  0.340653	3.497864e+17	-7.387425e+17
-164.5177	         6	1.771738e+12	      342.24	      342.24	  215.21	507.944209	  283.07	   4.323e+12	   2.384e+13	   9.222e+12	  0.000000	  0.000000	  0.000000	  0.000000	  0.000000	  0.000000	  0.000000	  0.000000	  0.000000	  0.000000	  0.000000	7.098099e+16	-1.247937e+17
-203.0828	         8	2.362317e+12	      242.60	      129.49	  223.67	493.459050	  276.88	  -1.212e+13	   2.428e+13	  -2.895e+12	  0.000000	  0.000000	  0.000000	  0.000000	  0.000000	  0.000000	  0.000000	  0.000000	  0.000000	  0.000000	  0.000000	9.055015e+16	-1.609891e+17
250.6879	        16	4.724634e+12	      257.95	      275.37	  284.70	458.343889	  228.21	  -1.401e+13	   3.699e+13	   3.304e+13	  0.853424	  0.611862	 -0.319087	  0.917638	  0.236904	  0.895435	  0.210026	  0.392538	 -0.310452	 -0.337386	  0.888702	1.230303e+17	-2.948472e+17
309.5023	        22	6.496372e+12	      188.47	      109.69	  300.45	424.933064	  232.72	  -2.934e+13	   4.198e+13	    9.06e+13	  0.619502	  0.499505	  0.171714	  0.981678	  0.082598	  0.980703	 -0.178293	  0.080213	 -0.093470	 -0.067230	  0.993350	1.759200e+17	-3.818363e+17
