#r(1)	npart(2)	M_in_r(3)	ovdens(4)	dens(5)	vcirc(6)	vesc(7)	sigv(8)	Lx(9)	Ly(10)	Lz(11)	b(12)	c(13)	Eax(14)	Eay(15)	Eaz(16)	Ebx(17)	Eby(18)	Ebz(19)	Ecx(20)	Ecy(21)	Ecz(22)	Ekin(23)	Epot(24)	
-70.7041	         6	1.771738e+12	     4311.51	     4311.51	  328.28	1474.475707	  407.77	   5.559e+11	  -1.891e+13	  -9.391e+11	  0.000000	  0.000000	  0.000000	  0.000000	  0.000000	  0.000000	  0.000000	  0.000000	  0.000000	  0.000000	  0.000000	1.473005e+17	-1.033172e+18
-90.4990	        11	3.248186e+12	     3769.41	     3275.25	  392.89	1448.886305	  662.35	  -5.932e+12	   -1.76e+13	  -1.066e+12	  0.780774	  0.514293	  0.801205	  0.474298	 -0.364844	 -0.582738	  0.756981	 -0.295627	  0.135965	  0.449467	  0.882889	7.124967e+17	-1.819411e+18
-115.8358	        14	4.134055e+12	     2287.77	      937.13	  391.77	1425.299072	  694.51	   9.359e+12	   1.076e+13	  -1.017e+13	  0.673388	  0.630679	  0.960152	  0.279241	 -0.011498	  0.086281	 -0.257040	  0.962541	 -0.265826	  0.925178	  0.270891	9.970310e+17	-2.276545e+18
-148.2661	        27	7.972820e+12	     2104.02	     1936.53	  480.90	1400.210098	  658.63	  -2.668e+13	  -6.279e+11	  -3.597e+13	  0.654997	  0.623925	  0.981470	 -0.191542	 -0.005348	 -0.074357	 -0.406430	  0.910651	  0.176601	  0.893379	  0.413141	1.729281e+18	-4.183935e+18
-189.7758	        43	1.269745e+13	     1597.93	     1136.59	  536.42	1349.961361	  657.58	  -5.093e+13	   5.008e+13	  -8.728e+13	  0.710196	  0.626595	  0.992981	 -0.069285	  0.095859	 -0.006140	  0.779171	  0.626781	 -0.118117	 -0.622970	  0.773277	2.745296e+18	-6.415818e+18
242.9069	        74	2.185143e+13	     1311.37	     1050.14	  622.00	1289.795937	  661.07	  -1.498e+14	  -2.911e+13	  -1.294e+14	  0.842553	  0.645280	  0.991318	 -0.128988	 -0.025521	  0.121765	  0.827299	  0.548407	 -0.049624	 -0.546753	  0.835822	4.774717e+18	-1.041696e+19
310.9130	        96	2.834780e+13	      811.27	      355.39	  626.19	1208.868662	  673.41	  -2.343e+14	  -1.632e+14	  -1.074e+14	  0.801532	  0.602167	  0.932135	 -0.337587	 -0.130995	  0.353614	  0.770704	  0.530069	 -0.077986	 -0.540418	  0.837775	6.427515e+18	-1.294134e+19
397.9586	       133	3.927352e+13	      535.98	      285.03	  651.48	1126.171834	  672.91	  -5.781e+14	  -1.344e+14	      -3e+14	  0.798673	  0.576104	  0.897703	 -0.435001	 -0.070026	  0.372412	  0.664193	  0.648196	 -0.235455	 -0.607966	  0.758247	8.891656e+18	-1.665711e+19
509.3742	       180	5.315213e+13	      345.92	      172.66	  669.90	1026.149066	  682.33	  -9.551e+14	  -4.732e+14	  -2.298e+14	  0.806724	  0.560128	  0.879831	 -0.452902	 -0.144146	  0.422647	  0.606805	  0.673170	 -0.217411	 -0.653198	  0.725303	1.237304e+19	-2.069864e+19
652.0326	       216	6.378256e+13	      197.91	       63.04	  648.61	917.307510	  673.23	  -8.485e+14	  -3.216e+14	  -4.444e+14	  0.854323	  0.600800	  0.758326	 -0.603527	 -0.246366	  0.614253	  0.535028	  0.580034	 -0.218254	 -0.591186	  0.776444	1.445450e+19	-2.321013e+19
-74.8349	         7	2.067027e+12	     4242.26	     4242.26	  344.66	1243.523409	  447.07	   2.427e+12	   1.178e+13	   3.119e+12	  0.000000	  0.000000	  0.000000	  0.000000	  0.000000	  0.000000	  0.000000	  0.000000	  0.000000	  0.000000	  0.000000	2.065683e+17	-8.381230e+17
-96.5728	         9	2.657607e+12	     2537.99	     1054.82	  344.02	1236.912946	  451.04	  -2.319e+12	   2.782e+13	   8.644e+12	  0.000000	  0.000000	  0.000000	  0.000000	  0.000000	  0.000000	  0.000000	  0.000000	  0.000000	  0.000000	  0.000000	2.703240e+17	-1.064864e+18
-124.6251	        17	5.019924e+12	     2230.72	     1963.31	  416.21	1202.934480	  478.66	    6.74e+12	   3.406e+13	   3.756e+13	  0.740090	  0.671630	  0.820888	 -0.420710	  0.386194	  0.115086	  0.784234	  0.609698	 -0.559373	 -0.456048	  0.692186	5.750642e+17	-1.943722e+18
-160.8260	        27	7.972820e+12	     1648.57	     1141.95	  461.74	1167.514172	  511.13	   -1.81e+13	   2.539e+13	   1.889e+13	  0.797932	  0.581696	 -0.545237	  0.831091	 -0.109565	  0.664966	  0.349214	 -0.660205	  0.510428	  0.432825	  0.743051	1.041450e+18	-2.985029e+18
-207.5424	        43	1.269745e+13	     1221.69	      850.19	  512.95	1110.397060	  544.15	  -4.242e+13	  -3.214e+12	   9.489e+12	  0.782900	  0.619826	  0.798804	 -0.597102	  0.073364	 -0.343167	 -0.352099	  0.870783	  0.494115	  0.720761	  0.486163	1.879883e+18	-4.516442e+18
267.8289	        58	1.712680e+13	      766.77	      370.88	  524.42	1052.355914	  573.71	   6.323e+12	  -1.518e+14	  -7.374e+13	  0.807472	  0.547761	  0.751887	 -0.645984	  0.131796	 -0.338691	 -0.206952	  0.917856	  0.565645	  0.734762	  0.374394	2.818543e+18	-5.796366e+18
345.6273	        82	2.421375e+13	      504.43	      276.12	  548.90	976.401261	  572.58	   1.322e+14	  -2.129e+14	   -7.14e+13	  0.870653	  0.664053	  0.662670	 -0.736119	  0.137831	  0.722590	  0.580096	 -0.375968	  0.196802	  0.348738	  0.916324	3.969277e+18	-7.641100e+18
446.0245	       120	3.543476e+13	      343.49	      203.43	  584.52	888.694160	  568.14	  -4.259e+13	  -3.883e+14	  -1.873e+14	  0.940958	  0.706629	 -0.518970	  0.835778	 -0.179292	  0.854773	  0.508818	 -0.102309	 -0.005719	  0.206349	  0.978462	5.718862e+18	-1.007437e+19
575.6348	       142	4.193113e+13	      189.09	       54.78	  559.71	791.581413	  563.52	  -1.787e+14	  -4.442e+14	  -7.216e+13	  0.934297	  0.726930	 -0.316143	  0.925835	 -0.207080	  0.920671	  0.246725	 -0.302477	  0.228952	  0.286279	  0.930390	6.657614e+18	-1.123299e+19
-120.6491	         6	1.771738e+12	      867.74	      867.74	  251.31	806.950941	  416.10	  -1.564e+13	   1.128e+13	  -2.939e+12	  0.000000	  0.000000	  0.000000	  0.000000	  0.000000	  0.000000	  0.000000	  0.000000	  0.000000	  0.000000	  0.000000	1.533773e+17	-3.112391e+17
-149.8981	         6	1.771738e+12	      452.45	        0.00	  225.46	806.950941	  416.10	  -1.564e+13	   1.128e+13	  -2.939e+12	  0.000000	  0.000000	  0.000000	  0.000000	  0.000000	  0.000000	  0.000000	  0.000000	  0.000000	  0.000000	  0.000000	1.533773e+17	-3.112391e+17
-186.2380	        10	2.952896e+12	      393.19	      328.63	  261.13	792.369010	  382.76	  -1.087e+13	  -7.018e+12	   4.996e+12	  0.000000	  0.000000	  0.000000	  0.000000	  0.000000	  0.000000	  0.000000	  0.000000	  0.000000	  0.000000	  0.000000	2.163063e+17	-4.984650e+17
-231.3877	        23	6.791662e+12	      471.54	      556.90	  355.29	762.202298	  355.44	  -8.359e+13	   2.075e+13	   4.359e+13	  0.744408	  0.555792	 -0.062830	  0.713669	 -0.697660	  0.108540	  0.699781	  0.706064	  0.992105	 -0.031362	 -0.121428	4.290093e+17	-1.083365e+18
287.4831	        29	8.563399e+12	      310.01	      134.02	  357.92	728.392748	  356.02	  -7.222e+13	   -1.09e+13	  -3.846e+13	  0.870969	  0.785257	 -0.041444	 -0.520026	  0.853144	 -0.190242	  0.842364	  0.504213	  0.980862	  0.141407	  0.133842	5.427024e+17	-1.325510e+18
357.1777	        51	1.505977e+13	      284.27	      256.23	  425.83	678.401385	  391.17	  -2.235e+14	   6.182e+13	   8.438e+12	  0.695185	  0.624502	  0.366836	  0.659853	 -0.655763	  0.530243	  0.430885	  0.730192	  0.764378	 -0.615575	 -0.191818	1.152182e+18	-2.143622e+18
443.8184	        67	1.978441e+13	      194.66	       97.10	  437.85	619.248983	  389.99	  -2.839e+14	  -2.931e+13	  -8.992e+13	  0.655933	  0.588110	 -0.176363	 -0.646341	  0.742388	  0.771986	 -0.558741	 -0.303060	  0.610683	  0.519665	  0.597507	1.504555e+18	-2.638630e+18
-114.3619	         4	1.181159e+12	      679.25	      679.25	  210.76	754.498826	  297.54	  -1.486e+11	   1.781e+13	   2.543e+12	  0.000000	  0.000000	  0.000000	  0.000000	  0.000000	  0.000000	  0.000000	  0.000000	  0.000000	  0.000000	  0.000000	5.228519e+16	-1.803482e+17
-142.3496	         4	1.181159e+12	      352.21	        0.00	  188.90	754.498826	  297.54	  -1.486e+11	   1.781e+13	   2.543e+12	  0.000000	  0.000000	  0.000000	  0.000000	  0.000000	  0.000000	  0.000000	  0.000000	  0.000000	  0.000000	  0.000000	5.228519e+16	-1.803482e+17
-177.1867	         6	1.771738e+12	      273.95	      189.66	  207.37	744.638836	  404.05	   1.515e+13	   2.715e+13	   5.701e+12	  0.000000	  0.000000	  0.000000	  0.000000	  0.000000	  0.000000	  0.000000	  0.000000	  0.000000	  0.000000	  0.000000	1.446228e+17	-2.628583e+17
-220.5495	        15	4.429344e+12	      355.13	      442.56	  293.89	723.834836	  397.65	  -4.296e+13	   7.101e+13	     1.2e+13	  0.815870	  0.566788	 -0.327560	  0.924723	  0.193889	  0.081272	 -0.176873	  0.980872	  0.941329	  0.337052	 -0.017217	3.501976e+17	-6.233454e+17
274.5244	        26	7.677530e+12	      319.19	      280.48	  346.81	691.532502	  399.58	   -6.04e+13	   9.422e+12	   3.711e+12	  0.841708	  0.721284	 -0.407856	  0.604156	  0.684579	  0.292313	 -0.623911	  0.724768	  0.864990	  0.495712	  0.077863	6.128997e+17	-1.029884e+18
341.7085	        42	1.240216e+13	      267.36	      211.54	  395.08	634.209270	  416.15	   3.343e+13	   8.565e+13	   -1.09e+14	  0.756423	  0.608306	 -0.493252	  0.838609	  0.231167	 -0.058859	 -0.297310	  0.952965	  0.867893	  0.456445	  0.196008	1.073915e+18	-1.556277e+18
425.3846	        58	1.712680e+13	      191.38	      109.61	  416.12	588.511181	  418.97	   3.674e+13	   1.207e+14	  -1.535e+14	  0.802907	  0.585105	 -0.674325	  0.732779	 -0.091213	  0.147560	  0.254747	  0.955683	  0.723541	  0.630982	 -0.279911	1.503189e+18	-2.003408e+18
-118.3567	        11	3.248186e+12	     1685.10	     1685.10	  343.55	828.969988	  326.13	   1.946e+12	  -1.645e+13	   2.178e+13	  0.767241	  0.575785	  0.994169	 -0.012508	 -0.107103	  0.071783	 -0.664414	  0.743910	  0.080466	  0.747260	  0.659642	1.727348e+17	-5.905258e+17
-145.7895	        14	4.134055e+12	     1147.52	      528.88	  349.21	805.792442	  329.88	   1.524e+13	  -2.083e+13	   3.449e+13	  0.753727	  0.566850	  0.741733	  0.458036	 -0.489935	 -0.669039	  0.556605	 -0.492521	  0.047108	  0.693105	  0.719296	2.249347e+17	-7.393022e+17
-179.5806	        22	6.496372e+12	      964.84	      754.61	  394.43	774.260492	  344.29	   2.527e+11	  -3.785e+13	   1.977e+13	  0.805256	  0.562523	  0.182709	  0.944777	 -0.272055	  0.982630	 -0.184628	  0.018759	  0.032506	  0.270757	  0.962099	3.850149e+17	-1.108612e+18
-221.2038	        26	7.677530e+12	      610.11	      201.88	  386.35	734.004217	  353.20	  -1.882e+12	  -3.965e+13	  -2.404e+12	  0.877554	  0.624325	 -0.134277	  0.940454	 -0.312275	  0.987267	  0.099839	 -0.123842	  0.085291	  0.324928	  0.941885	4.788850e+17	-1.275217e+18
272.4745	        39	1.151630e+13	      489.67	      351.06	  426.34	686.762179	  345.14	  -3.721e+12	  -4.613e+13	  -6.622e+13	  0.837811	  0.776923	 -0.079637	  0.904207	 -0.419604	  0.983342	  0.002262	 -0.181753	  0.163393	  0.427088	  0.889325	6.859135e+17	-1.757784e+18
335.6287	        48	1.417390e+13	      322.46	      130.04	  426.17	628.925202	  357.41	   5.542e+13	   1.736e+13	   4.394e+12	  0.938128	  0.807128	 -0.175116	 -0.404019	  0.897832	 -0.586634	  0.775185	  0.234410	  0.790693	  0.485650	  0.372758	9.053093e+17	-2.043570e+18
413.4707	        53	1.565035e+13	      190.44	       38.62	  403.47	570.621166	  359.49	   1.028e+14	  -6.699e+13	   4.933e+13	  0.842561	  0.707762	 -0.578851	  0.361323	  0.731012	  0.029277	  0.905101	 -0.424188	  0.814908	  0.224140	  0.534496	1.011274e+18	-2.172553e+18
-113.4576	         5	1.476448e+12	      869.52	      869.52	  236.57	771.413833	  364.75	   4.147e+12	  -5.928e+12	   8.906e+12	  0.000000	  0.000000	  0.000000	  0.000000	  0.000000	  0.000000	  0.000000	  0.000000	  0.000000	  0.000000	  0.000000	9.821778e+16	-2.258223e+17
-140.7576	         8	2.362317e+12	      728.60	      573.64	  268.66	751.122238	  348.75	  -3.309e+12	  -2.162e+13	   1.458e+13	  0.000000	  0.000000	  0.000000	  0.000000	  0.000000	  0.000000	  0.000000	  0.000000	  0.000000	  0.000000	  0.000000	1.436578e+17	-3.546345e+17
-174.6264	        14	4.134055e+12	      667.74	      600.84	  319.08	710.445365	  354.07	   4.301e+12	  -1.786e+13	   1.815e+13	  0.700327	  0.586698	 -0.427001	  0.343251	  0.836570	  0.662666	  0.748264	  0.031218	  0.615260	 -0.567697	  0.546970	2.591339e+17	-5.936777e+17
-216.6447	        21	6.201082e+12	      524.55	      367.10	  350.85	693.965671	  338.32	   1.381e+13	  -4.757e+13	  -1.917e+13	  0.834060	  0.737271	 -0.592826	  0.059783	  0.803108	  0.392527	  0.892213	  0.223334	 -0.703192	  0.447640	 -0.552394	3.548850e+17	-8.465781e+17
268.7734	        29	8.563399e+12	      379.36	      219.72	  370.17	634.967421	  365.11	    2.64e+13	  -9.108e+13	   3.969e+12	  0.890656	  0.837655	  0.635936	  0.696455	 -0.332469	  0.622404	 -0.717554	 -0.312618	  0.456289	  0.008125	  0.889795	5.707604e+17	-1.112157e+18
333.4451	        38	1.122101e+13	      260.33	      129.45	  380.43	602.789301	  375.61	  -2.643e+13	  -1.733e+14	    2.18e+13	  0.912615	  0.794623	  0.613923	  0.772309	 -0.163213	 -0.246440	  0.383954	  0.889858	  0.749911	 -0.506082	  0.426046	7.915323e+17	-1.369009e+18
413.7281	        50	1.476448e+13	      179.32	       90.32	  391.76	554.063848	  370.13	   -8.21e+13	  -1.761e+14	  -1.557e+13	  0.875108	  0.694544	  0.501060	  0.855086	 -0.133295	 -0.244859	  0.287809	  0.925856	  0.830050	 -0.431271	  0.353585	1.011349e+18	-1.666268e+18
-142.8464	         6	1.771738e+12	      522.82	      522.82	  230.96	701.588183	  294.56	  -2.091e+11	  -9.577e+11	   6.305e+12	  0.000000	  0.000000	  0.000000	  0.000000	  0.000000	  0.000000	  0.000000	  0.000000	  0.000000	  0.000000	  0.000000	7.686286e+16	-2.276482e+17
-174.5213	         9	2.657607e+12	      430.04	      317.39	  255.91	677.530813	  293.78	   1.407e+13	  -2.422e+13	  -5.532e+12	  0.000000	  0.000000	  0.000000	  0.000000	  0.000000	  0.000000	  0.000000	  0.000000	  0.000000	  0.000000	  0.000000	1.146826e+17	-3.325627e+17
-213.2198	        14	4.134055e+12	      366.82	      290.07	  288.76	659.640942	  376.68	  -6.333e+12	   3.004e+13	    4.07e+13	  0.798476	  0.670477	  0.730215	  0.641319	 -0.235576	 -0.665645	  0.745503	 -0.033785	  0.153955	  0.181480	  0.971269	2.932802e+17	-4.981248e+17
260.4994	        24	7.086951e+12	      344.83	      318.12	  342.05	637.384709	  328.58	  -4.286e+13	   7.139e+13	   4.379e+13	  0.701957	  0.652871	 -0.666143	  0.036725	  0.744919	  0.739068	 -0.101627	  0.665921	  0.100160	  0.994144	  0.040556	3.825720e+17	-8.093920e+17
318.2628	        33	9.744558e+12	      260.00	      157.00	  362.87	595.552836	  332.81	  -1.315e+14	   5.397e+13	   1.541e+13	  0.779772	  0.724804	 -0.412835	  0.165272	  0.895685	  0.312348	 -0.898074	  0.309679	  0.855574	  0.407612	  0.319134	5.396724e+17	-1.064424e+18
388.8847	        46	1.358332e+13	      198.66	      124.25	  387.58	548.153879	  349.24	  -1.871e+14	    4.05e+13	   2.532e+13	  0.692411	  0.628637	  0.740170	  0.290569	 -0.606398	 -0.271779	  0.954146	  0.125466	  0.615049	  0.071940	  0.785200	8.283691e+17	-1.376645e+18
-115.4559	         6	1.771738e+12	      990.18	      990.18	  256.90	695.277174	  154.07	  -6.372e+12	  -2.884e+11	  -5.307e+12	  0.000000	  0.000000	  0.000000	  0.000000	  0.000000	  0.000000	  0.000000	  0.000000	  0.000000	  0.000000	  0.000000	2.102711e+16	-2.389943e+17
-146.6920	         8	2.362317e+12	      643.70	      314.04	  263.17	683.871306	  195.84	  -1.445e+13	  -1.399e+13	  -5.632e+12	  0.000000	  0.000000	  0.000000	  0.000000	  0.000000	  0.000000	  0.000000	  0.000000	  0.000000	  0.000000	  0.000000	4.529972e+16	-3.088776e+17
-186.3788	        12	3.543476e+12	      470.76	      306.23	  285.95	655.129385	  202.98	  -2.477e+13	   2.969e+12	  -6.819e+12	  0.752376	  0.671862	  0.903100	 -0.077115	 -0.422450	  0.417678	  0.386313	  0.822379	 -0.099780	  0.919139	 -0.381088	7.300018e+16	-4.418449e+17
-236.8028	        16	4.724634e+12	      306.04	      149.30	  292.93	626.750696	  216.81	  -1.112e+13	  -1.764e+13	   1.248e+13	  0.953695	  0.695123	 -0.641360	  0.136036	  0.755083	  0.762625	  0.005261	  0.646819	  0.084019	  0.990690	 -0.107119	1.110483e+17	-5.606057e+17
300.8686	        25	7.382241e+12	      233.14	      163.79	  324.84	587.196426	  278.98	   1.323e+12	   1.023e+14	  -4.808e+13	  0.847570	  0.624329	  0.247318	  0.643632	  0.724273	 -0.968549	  0.185305	  0.166058	 -0.027331	 -0.742563	  0.669218	2.872872e+17	-8.069006e+17
382.3172	        43	1.269745e+13	      195.44	      159.59	  377.93	534.511161	  352.83	  -1.914e+13	   6.286e+13	  -1.458e+14	  0.825134	  0.626500	  0.281918	  0.717264	  0.637224	 -0.877131	 -0.076465	  0.474126	  0.388799	 -0.692593	  0.607577	7.903470e+17	-1.225908e+18
-123.0778	         5	1.476448e+12	      681.15	      681.15	  227.14	709.224385	  276.67	   1.112e+13	     1.3e+13	  -1.408e+13	  0.000000	  0.000000	  0.000000	  0.000000	  0.000000	  0.000000	  0.000000	  0.000000	  0.000000	  0.000000	  0.000000	5.650970e+16	-1.936091e+17
-153.6232	        10	2.952896e+12	      700.55	      721.09	  287.52	685.236783	  298.06	   1.243e+13	   1.712e+13	   1.534e+13	  0.000000	  0.000000	  0.000000	  0.000000	  0.000000	  0.000000	  0.000000	  0.000000	  0.000000	  0.000000	  0.000000	1.311716e+17	-3.731570e+17
-191.7495	        18	5.315213e+12	      648.46	      593.31	  345.27	657.894568	  333.88	   1.559e+13	  -1.961e+13	   1.865e+13	  0.655303	  0.428397	 -0.616375	  0.267528	  0.740615	  0.766609	 -0.011101	  0.642019	  0.179979	  0.963486	 -0.198247	2.962541e+17	-6.402589e+17
239.3379	        23	6.791662e+12	      426.09	      190.69	  349.34	617.249184	  338.80	   5.598e+13	   1.171e+13	   3.735e+13	  0.692692	  0.434306	 -0.471830	  0.371976	  0.799381	  0.862529	  0.006747	  0.505963	  0.182812	  0.928218	 -0.324023	3.898028e+17	-7.889873e+17
298.7367	        31	9.153979e+12	      295.33	      156.90	  363.02	562.517357	  341.54	  -2.451e+13	   2.791e+13	  -2.065e+12	  0.723313	  0.533588	 -0.483316	  0.293214	  0.824882	  0.794692	 -0.248323	  0.553896	  0.367248	  0.923234	 -0.112996	5.338998e+17	-9.985163e+17
372.9272	        39	1.151630e+13	      190.99	       80.62	  364.43	515.413090	  329.60	  -3.734e+13	   6.557e+13	  -7.534e+13	  0.824442	  0.559080	  0.749522	 -0.300396	 -0.589898	  0.575281	 -0.145309	  0.804945	  0.327520	  0.942681	 -0.063900	6.255439e+17	-1.168839e+18
-126.4748	         5	1.476448e+12	      627.73	      627.73	  224.06	654.174014	  244.13	   9.926e+12	   8.954e+12	  -5.871e+12	  0.000000	  0.000000	  0.000000	  0.000000	  0.000000	  0.000000	  0.000000	  0.000000	  0.000000	  0.000000	  0.000000	4.399894e+16	-1.730620e+17
-156.3312	         5	1.476448e+12	      332.39	        0.00	  201.54	654.174014	  244.13	   9.926e+12	   8.954e+12	  -5.871e+12	  0.000000	  0.000000	  0.000000	  0.000000	  0.000000	  0.000000	  0.000000	  0.000000	  0.000000	  0.000000	  0.000000	4.399894e+16	-1.730620e+17
-193.2355	        15	4.429344e+12	      528.01	      748.17	  313.97	629.773357	  330.99	  -1.142e+11	   3.603e+13	  -1.668e+13	  0.836195	  0.683109	  0.947768	 -0.295970	 -0.118904	  0.318656	  0.894914	  0.312390	  0.013951	 -0.333962	  0.942483	2.426288e+17	-4.791387e+17
238.8517	        19	5.610503e+12	      354.14	      158.47	  317.84	599.171053	  342.19	  -2.497e+13	   1.739e+13	  -1.101e+13	  0.904015	  0.654240	  0.774593	 -0.606298	 -0.180021	  0.494746	  0.758183	 -0.424718	  0.393994	  0.239919	  0.887247	3.284828e+17	-5.883088e+17
295.2363	        24	7.086951e+12	      236.87	      104.89	  321.30	557.292521	  346.00	    1.41e+13	   1.174e+14	   -9.63e+11	  0.806355	  0.644513	  0.784177	  0.023991	 -0.620073	 -0.399900	  0.783620	 -0.475415	  0.474496	  0.620777	  0.624091	4.242102e+17	-7.142427e+17
364.9814	        38	1.122101e+13	      198.51	      155.37	  363.62	514.271283	  349.28	  -1.006e+13	   2.627e+14	  -1.348e+13	  0.733222	  0.517732	  0.859037	  0.373467	 -0.350111	 -0.504951	  0.730606	 -0.459608	  0.084145	  0.571609	  0.816200	6.844769e+17	-1.011855e+18
-160.0549	         6	1.771738e+12	      371.67	      371.67	  218.19	636.178698	  239.43	   8.161e+12	   1.579e+13	  -6.862e+12	  0.000000	  0.000000	  0.000000	  0.000000	  0.000000	  0.000000	  0.000000	  0.000000	  0.000000	  0.000000	  0.000000	5.078226e+16	-1.861970e+17
-188.4151	        11	3.248186e+12	      417.69	      490.59	  272.29	616.775337	  267.07	   1.847e+13	   6.166e+13	   5.958e+12	  0.724236	  0.388360	 -0.588868	 -0.017920	  0.808030	  0.807756	  0.021156	  0.589137	 -0.027652	  0.999616	  0.002017	1.158439e+17	-3.318284e+17
-221.8005	        16	4.724634e+12	      372.43	      300.73	  302.67	597.977176	  289.41	   5.012e+12	   7.671e+13	   -1.54e+12	  0.843303	  0.549825	  0.696233	 -0.171049	 -0.697139	  0.498172	 -0.584084	  0.640835	  0.516802	  0.793465	  0.321447	1.978654e+17	-4.679739e+17
261.1014	        22	6.496372e+12	      313.91	      221.22	  327.11	575.390404	  300.45	   4.398e+13	   1.605e+14	  -3.625e+13	  0.904906	  0.593724	  0.663471	 -0.453254	 -0.595288	  0.467113	 -0.370593	  0.802786	  0.584476	  0.810692	  0.034157	2.932219e+17	-6.184246e+17
307.3661	        29	8.563399e+12	      253.65	      158.21	  346.15	541.822103	  311.87	   2.548e+13	   1.628e+14	  -3.256e+13	  0.925758	  0.586228	  0.741022	 -0.351125	 -0.572361	  0.362184	 -0.508758	  0.781018	  0.565428	  0.786051	  0.249829	4.164465e+17	-7.791816e+17
361.8784	        36	1.063043e+13	      192.94	       96.88	  355.44	502.696627	  299.94	  -1.611e+13	   1.778e+14	  -2.126e+12	  0.809647	  0.518055	  0.885345	 -0.463241	  0.039638	 -0.109706	 -0.125298	  0.986035	  0.451805	  0.877330	  0.161752	4.781735e+17	-9.221355e+17
-143.8131	         5	1.476448e+12	      426.96	      426.96	  210.12	641.500238	  235.56	   7.672e+12	  -1.023e+13	   1.358e+13	  0.000000	  0.000000	  0.000000	  0.000000	  0.000000	  0.000000	  0.000000	  0.000000	  0.000000	  0.000000	  0.000000	4.096290e+16	-1.560512e+17
-173.0043	         7	2.067027e+12	      343.35	      230.51	  226.68	627.164442	  322.91	   2.306e+13	   5.189e+12	   1.142e+13	  0.000000	  0.000000	  0.000000	  0.000000	  0.000000	  0.000000	  0.000000	  0.000000	  0.000000	  0.000000	  0.000000	1.077659e+17	-2.149380e+17
-208.1207	        14	4.134055e+12	      394.45	      463.42	  292.28	605.575292	  365.46	    3.95e+13	   7.218e+12	   5.226e+13	  0.774328	  0.527649	 -0.274878	  0.250739	  0.928209	  0.777152	 -0.510472	  0.368039	  0.566107	  0.822525	 -0.054545	2.760782e+17	-4.119721e+17
250.3650	        20	5.905793e+12	      323.68	      228.17	  318.51	577.671910	  354.08	   6.936e+13	   4.951e+13	   5.018e+13	  0.814581	  0.467435	 -0.506949	  0.618134	  0.600760	  0.338913	 -0.497887	  0.798277	  0.792553	  0.608291	  0.042910	3.702153e+17	-5.671562e+17
301.1840	        27	7.972820e+12	      251.00	      152.91	  337.41	545.178830	  357.28	   4.941e+13	   3.306e+13	   1.662e+13	  0.727914	  0.606946	 -0.500513	  0.516312	  0.694917	  0.202645	  0.850266	 -0.485780	  0.841678	  0.102317	  0.530197	5.088559e+17	-7.291483e+17
362.3683	        36	1.063043e+13	      192.16	      112.82	  355.20	502.356680	  341.99	   8.954e+13	  -9.043e+12	   3.279e+12	  0.706105	  0.662930	  0.592120	 -0.447727	 -0.670025	  0.163215	  0.880851	 -0.444368	  0.789148	  0.153761	  0.594645	6.216499e+17	-9.141445e+17
-128.7242	         6	1.771738e+12	      714.47	      714.47	  243.30	636.925481	  206.73	  -9.991e+11	  -6.448e+12	  -9.551e+12	  0.000000	  0.000000	  0.000000	  0.000000	  0.000000	  0.000000	  0.000000	  0.000000	  0.000000	  0.000000	  0.000000	3.786084e+16	-1.928292e+17
-164.5943	         9	2.657607e+12	      512.64	      327.57	  263.51	610.608140	  254.87	    1.08e+13	   1.411e+13	  -9.864e+12	  0.000000	  0.000000	  0.000000	  0.000000	  0.000000	  0.000000	  0.000000	  0.000000	  0.000000	  0.000000	  0.000000	8.631823e+16	-2.788540e+17
-210.4600	        16	4.724634e+12	      435.94	      365.61	  310.72	584.625343	  273.08	   1.093e+13	   7.556e+12	   -3.23e+13	  0.677407	  0.586213	  0.939847	  0.331082	  0.084093	 -0.305497	  0.924806	 -0.226726	 -0.152835	  0.187398	  0.970321	1.761613e+17	-4.624637e+17
269.1065	        23	6.791662e+12	      299.76	      174.88	  329.45	535.098465	  275.52	  -2.062e+13	   1.578e+13	  -5.502e+13	  0.854506	  0.649581	  0.780338	  0.573222	 -0.249977	 -0.571166	  0.490529	 -0.658142	 -0.254640	  0.656352	  0.710184	2.577892e+17	-6.257555e+17
344.1453	        32	9.449268e+12	      199.41	      107.47	  343.63	486.006078	  275.13	    1.46e+13	   5.171e+13	  -3.153e+13	  0.768230	  0.560756	 -0.182622	 -0.652334	  0.735602	  0.829925	  0.298861	  0.471069	  0.527137	 -0.696522	 -0.486810	3.576402e+17	-7.985809e+17
-158.9613	         5	1.476448e+12	      316.16	      316.16	  199.86	605.313078	  233.53	    7.53e+12	  -8.214e+11	   7.062e+11	  0.000000	  0.000000	  0.000000	  0.000000	  0.000000	  0.000000	  0.000000	  0.000000	  0.000000	  0.000000	  0.000000	4.026159e+16	-1.445355e+17
-194.2539	         9	2.657607e+12	      311.85	      306.62	  242.56	586.199253	  225.57	   1.719e+13	   2.118e+13	   9.639e+12	  0.000000	  0.000000	  0.000000	  0.000000	  0.000000	  0.000000	  0.000000	  0.000000	  0.000000	  0.000000	  0.000000	6.761271e+16	-2.495366e+17
-237.3822	        18	5.315213e+12	      341.77	      378.05	  310.32	555.570196	  267.76	    2.08e+13	   3.763e+13	   1.944e+12	  0.767704	  0.540928	 -0.322024	  0.338053	  0.884320	  0.940812	  0.009973	  0.338783	  0.105707	  0.941074	 -0.321256	1.905331e+17	-4.675216e+17
290.0859	        28	8.268110e+12	      291.33	      230.18	  350.11	518.114434	  280.37	    8.04e+13	    2.84e+13	    1.57e+13	  0.728104	  0.463926	 -0.354365	  0.456842	  0.815917	  0.819276	 -0.268950	  0.506412	  0.450791	  0.847916	 -0.278973	3.249592e+17	-6.801576e+17
354.5408	        31	9.153979e+12	      176.67	       37.81	  333.23	471.285861	  280.10	   9.911e+13	   3.858e+13	   2.665e+13	  0.698727	  0.430005	 -0.373311	  0.483209	  0.791927	  0.773426	 -0.309291	  0.553309	  0.512300	  0.819053	 -0.258265	3.590984e+17	-7.332905e+17
-101.8750	         6	1.771738e+12	     1441.32	     1441.32	  273.48	633.817585	  232.41	   -3.61e+12	  -2.414e+12	   1.039e+13	  0.000000	  0.000000	  0.000000	  0.000000	  0.000000	  0.000000	  0.000000	  0.000000	  0.000000	  0.000000	  0.000000	4.784980e+16	-1.972032e+17
-138.9942	         7	2.067027e+12	      662.09	      156.01	  252.90	607.292805	  236.62	  -6.113e+12	   5.414e+12	   4.849e+12	  0.000000	  0.000000	  0.000000	  0.000000	  0.000000	  0.000000	  0.000000	  0.000000	  0.000000	  0.000000	  0.000000	5.786449e+16	-2.244292e+17
-189.6382	        11	3.248186e+12	      409.66	      245.72	  271.41	568.097269	  251.49	  -5.941e+12	   1.474e+12	   2.305e+12	  0.567578	  0.513557	 -0.354703	  0.612144	  0.706728	  0.899346	  0.016693	  0.436919	  0.255660	  0.790570	 -0.556451	1.027220e+17	-3.255784e+17
258.7349	        20	5.905793e+12	      293.28	      217.69	  313.31	520.992761	  252.49	  -4.049e+13	  -3.589e+12	   4.786e+13	  0.887519	  0.561068	  0.739057	 -0.313739	 -0.596122	  0.391471	  0.920190	  0.001040	  0.548219	 -0.234133	  0.802893	1.882578e+17	-5.213618e+17
353.0578	        29	8.563399e+12	      167.37	       85.65	  322.97	456.786168	  278.09	   4.006e+13	   1.424e+13	     9.9e+12	  0.904056	  0.677446	  0.742175	  0.629254	 -0.230683	  0.507710	 -0.752563	 -0.419379	  0.437500	 -0.194132	  0.878013	3.311266e+17	-6.817757e+17
-144.1217	         6	1.771738e+12	      509.07	      509.07	  229.93	576.361347	  202.93	  -1.757e+11	   1.564e+13	  -1.192e+12	  0.000000	  0.000000	  0.000000	  0.000000	  0.000000	  0.000000	  0.000000	  0.000000	  0.000000	  0.000000	  0.000000	3.647909e+16	-1.556267e+17
-179.3715	        10	2.952896e+12	      440.10	      365.77	  266.08	560.599706	  195.90	  -3.713e+12	   1.367e+13	   -2.93e+12	  0.000000	  0.000000	  0.000000	  0.000000	  0.000000	  0.000000	  0.000000	  0.000000	  0.000000	  0.000000	  0.000000	5.666017e+16	-2.504027e+17
-223.2429	        16	4.724634e+12	      365.26	      284.59	  301.69	522.495810	  213.69	   3.209e+12	   1.447e+13	  -2.358e+13	  0.691008	  0.521433	  0.803680	  0.451872	  0.387182	  0.052226	 -0.701712	  0.710544	 -0.592765	  0.550829	  0.587551	1.078761e+17	-3.793096e+17
277.8445	        23	6.791662e+12	      272.35	      172.23	  324.23	479.629460	  227.81	   2.657e+13	   1.606e+13	  -1.791e+13	  0.910135	  0.500695	  0.685130	  0.164507	  0.709602	  0.175595	  0.908136	 -0.380072	  0.706940	 -0.385001	 -0.593305	1.762281e+17	-5.102656e+17
345.8508	        27	7.972820e+12	      165.77	       51.00	  314.87	445.322836	  240.67	   4.383e+13	   1.213e+13	  -2.597e+12	  0.803967	  0.463567	  0.757975	  0.316581	  0.570308	 -0.051527	  0.900652	 -0.431474	 -0.650246	  0.297660	  0.698984	2.308996e+17	-5.732386e+17
-130.3742	         7	2.067027e+12	      802.30	      802.30	  261.12	610.360288	  230.15	  -8.497e+12	  -1.196e+13	  -6.552e+12	  0.000000	  0.000000	  0.000000	  0.000000	  0.000000	  0.000000	  0.000000	  0.000000	  0.000000	  0.000000	  0.000000	5.474442e+16	-3.063213e+17
-164.2295	        10	2.952896e+12	      573.40	      344.24	  278.08	585.136408	  237.31	   1.432e+12	  -2.141e+13	   8.885e+12	  0.000000	  0.000000	  0.000000	  0.000000	  0.000000	  0.000000	  0.000000	  0.000000	  0.000000	  0.000000	  0.000000	8.314555e+16	-3.852222e+17
-206.8763	        18	5.315213e+12	      516.36	      459.25	  332.41	538.509516	  231.26	  -7.871e+12	  -1.436e+13	   9.301e+12	  0.767236	  0.437647	  0.662666	 -0.270822	 -0.698233	  0.242149	 -0.804765	  0.541957	  0.708687	  0.528213	  0.467711	1.421349e+17	-5.728453e+17
260.5974	        23	6.791662e+12	      330.09	      143.60	  334.79	492.245256	  247.25	  -1.946e+12	  -3.337e+13	   1.589e+13	  0.945772	  0.516059	 -0.716811	  0.681665	  0.146678	 -0.217140	 -0.418132	  0.882052	  0.662595	  0.600415	  0.447738	2.076001e+17	-6.703320e+17
328.3188	        26	7.677530e+12	      186.59	       43.07	  317.12	448.516024	  245.68	  -1.211e+13	  -2.046e+13	   5.513e+13	  0.833722	  0.681426	  0.699646	 -0.613372	  0.366429	 -0.567714	 -0.165853	  0.806346	  0.433817	  0.772183	  0.464259	2.317058e+17	-7.203777e+17
-163.4294	         4	1.181159e+12	      232.75	      232.75	  176.30	544.389681	  306.25	   7.369e+12	  -1.542e+13	   1.164e+13	  0.000000	  0.000000	  0.000000	  0.000000	  0.000000	  0.000000	  0.000000	  0.000000	  0.000000	  0.000000	  0.000000	5.539098e+16	-9.272181e+16
-193.5757	         9	2.657607e+12	      315.14	      439.65	  242.99	531.034425	  278.16	   2.809e+11	  -2.235e+13	   2.936e+13	  0.000000	  0.000000	  0.000000	  0.000000	  0.000000	  0.000000	  0.000000	  0.000000	  0.000000	  0.000000	  0.000000	1.028122e+17	-1.995911e+17
-229.2829	        12	3.543476e+12	      252.86	      158.74	  257.81	510.833635	  310.36	   1.855e+13	   1.779e+13	   5.078e+13	  0.854131	  0.716422	 -0.570833	  0.817976	  0.071171	  0.815635	  0.574876	 -0.065252	  0.094289	 -0.020801	  0.995328	1.706567e+17	-2.583791e+17
271.5767	        18	5.315213e+12	      228.25	      191.06	  290.12	485.905396	  293.99	   3.379e+13	  -5.423e+12	   7.124e+13	  0.799444	  0.681406	  0.885985	 -0.247236	 -0.392307	  0.459692	  0.357084	  0.813126	  0.060948	  0.900758	 -0.430024	2.296953e+17	-3.672028e+17
321.7220	        26	7.677530e+12	      198.31	      153.12	  320.36	453.091731	  322.21	  -7.637e+12	    3.28e+13	   1.014e+14	  0.787742	  0.685751	  0.957191	 -0.286211	  0.043219	 -0.168608	 -0.429947	  0.886971	  0.235279	  0.856288	  0.459799	3.985486e+17	-4.987062e+17
